59264.097975	8430534255.000	0.002447	8049
59264.097987	8430534255.000	0.002859	8049
59264.097998	8430534253.000	0.004661	8049
59264.098010	8430534254.000	0.002821	8049
59264.098022	8430534253.000	0.004194	8049
59264.098033	8430534252.000	0.003528	8049
59264.098045	8430534252.000	0.003294	8049
59264.098056	8430534252.000	0.002945	8049
59264.098068	8430534251.000	0.004083	8049
59264.098080	8430534251.000	0.004663	8049
59264.098091	8430534249.000	0.002489	8049
59264.098103	8430534248.000	0.002011	8049
59264.098114	8430534248.000	0.002877	8049
59264.098126	8430534247.000	0.003545	8049
59264.098137	8430534246.000	0.003086	8049
59264.098149	8430534247.000	0.003301	8049
59264.098161	8430534246.000	0.003507	8049
59264.098172	8430534246.000	0.004165	8049
59264.098184	8430534244.000	0.002085	8049
59264.098195	8430534244.000	0.004145	8049
59264.098207	8430534243.000	0.002598	8049
59264.098219	8430534242.000	0.002638	8049
59264.098230	8430534242.000	0.004771	8049
59264.098242	8430534241.000	0.003765	8049
59264.098253	8430534241.000	0.002839	8049
59264.098265	8430534242.000	0.003884	8049
59264.098276	8430534241.000	0.003335	8049
59264.098288	8430534240.000	0.004140	8049
59264.098299	8430534241.000	0.003389	8049
59264.098311	8430534239.000	0.003334	8049
59264.098323	8430534238.000	0.005571	8049
59264.098334	8430534238.000	0.002660	8049
59264.098346	8430534238.000	0.002949	8049
59264.098357	8430534237.000	0.004689	8049
59264.098369	8430534236.000	0.002527	8049
59264.098381	8430534235.000	0.003184	8049
59264.098392	8430534234.000	0.004885	8049
59264.098404	8430534233.000	0.003530	8049
59264.098415	8430534234.000	0.004346	8049
59264.098427	8430534234.000	0.005119	8049
59264.098438	8430534232.000	0.002695	8049
59264.098450	8430534231.000	0.003737	8049
59264.098461	8430534231.000	0.003743	8049
59264.098473	8430534230.000	0.004059	8049
59264.098485	8430534229.000	0.003821	8049
59264.098496	8430534229.000	0.003907	8049
59264.098508	8430534228.000	0.003651	8049
59264.098519	8430534228.000	0.004379	8049
59264.098531	8430534227.000	0.002516	8049
59264.098543	8430534227.000	0.003315	8049
59264.098554	8430534226.000	0.002999	8049
59264.098566	8430534226.000	0.001834	8049
59264.098577	8430534225.000	0.002057	8049
59264.098589	8430534225.000	0.003097	8049
59264.098600	8430534224.000	0.002657	8049
59264.098612	8430534223.000	0.002029	8049
59264.098624	8430534222.000	0.003553	8049
59264.098635	8430534222.000	0.003374	8049
59264.098647	8430534222.000	0.004735	8049
59264.098658	8430534221.000	0.005027	8049
59264.098670	8430534220.000	0.002613	8049
59264.098681	8430534219.000	0.003303	8049
59264.098693	8430534219.000	0.002691	8049
59264.098705	8430534219.000	0.001759	8049
59264.098716	8430534218.000	0.003090	8049
59264.098728	8430534218.000	0.003858	8049
59264.098739	8430534216.000	0.003058	8049
59264.098751	8430534216.000	0.003458	8049
59264.098762	8430534215.000	0.003799	8049
59264.098774	8430534215.000	0.004183	8049
59264.098786	8430534216.000	0.002911	8049
59264.098797	8430534214.000	0.004323	8049
59264.098809	8430534214.000	0.003541	8049
59264.098820	8430534213.000	0.003333	8049
59264.098832	8430534213.000	0.003927	8049
59264.098844	8430534212.000	0.002971	8049
59264.098855	8430534211.000	0.002608	8049
59264.098867	8430534210.000	0.003643	8049
59264.098878	8430534210.000	0.003673	8049
59264.098890	8430534210.000	0.004023	8049
59264.098901	8430534209.000	0.003189	8049
59264.098913	8430534209.000	0.004561	8049
59264.098924	8430534208.000	0.003365	8049
59264.098936	8430534207.000	0.003213	8049
59264.098948	8430534206.000	0.004117	8049
59264.098959	8430534206.000	0.003290	8049
59264.098971	8430534206.000	0.003122	8049
59264.098982	8430534206.000	0.004444	8049
59264.098994	8430534204.000	0.004400	8049
59264.099005	8430534203.000	0.003879	8049
59264.099017	8430534202.000	0.001530	8049
59264.099029	8430534202.000	0.003400	8049
59264.099040	8430534203.000	0.003040	8049
59264.099052	8430534202.000	0.003599	8049
59264.099063	8430534200.000	0.002704	8049
59264.099075	8430534200.000	0.003278	8049
59264.099086	8430534199.000	0.003660	8049
59264.099098	8430534198.000	0.003251	8049
59264.099110	8430534198.000	0.003596	8049
59264.099121	8430534199.000	0.004142	8049
59264.099133	8430534198.000	0.003653	8049
59264.099144	8430534196.000	0.002713	8049
59264.099156	8430534196.000	0.002716	8049
59264.099168	8430534196.000	0.002682	8049
59264.099179	8430534195.000	0.004746	8049
59264.099191	8430534194.000	0.002524	8049
59264.099202	8430534193.000	0.001571	8049
59264.099214	8430534193.000	0.003979	8049
59264.099225	8430534193.000	0.003029	8049
59264.099237	8430534192.000	0.003311	8049
59264.099249	8430534192.000	0.004165	8049
59264.099260	8430534191.000	0.003880	8049
59264.099272	8430534190.000	0.003782	8049
59264.099283	8430534190.000	0.004930	8049
59264.099295	8430534189.000	0.002768	8049
59264.099306	8430534188.000	0.004057	8049
59264.099318	8430534188.000	0.004523	8049
59264.099330	8430534188.000	0.003201	8049
59264.099341	8430534187.000	0.003829	8049
59264.099353	8430534186.000	0.002717	8049
59264.099364	8430534185.000	0.004152	8049
59264.099376	8430534184.000	0.003389	8049
59264.099387	8430534185.000	0.004081	8049
59264.099399	8430534184.000	0.003367	8049
59264.099411	8430534184.000	0.004313	8049
59264.099422	8430534184.000	0.003649	8049
59264.099434	8430534182.000	0.004354	8049
59264.099445	8430534182.000	0.004061	8049
59264.099457	8430534182.000	0.003329	8049
59264.099469	8430534182.000	0.004142	8049
59264.099480	8430534181.000	0.002566	8049
59264.099492	8430534179.000	0.004957	8049
59264.099503	8430534178.000	0.003618	8049
59264.099515	8430534178.000	0.003005	8049
59264.099526	8430534177.000	0.002602	8049
59264.099538	8430534177.000	0.003031	8049
59264.099549	8430534177.000	0.002609	8049
59264.099561	8430534176.000	0.003837	8049
59264.099573	8430534176.000	0.003906	8049
59264.099584	8430534175.000	0.004668	8049
59264.099596	8430534174.000	0.002919	8049
59264.099608	8430534174.000	0.004440	8049
59264.099619	8430534172.000	0.002309	8049
59264.099630	8430534172.000	0.004491	8049
59264.099642	8430534172.000	0.004041	8049
59264.099654	8430534171.000	0.003983	8049
59264.099665	8430534171.000	0.004331	8049
59264.099677	8430534170.000	0.005163	8049
59264.099688	8430534169.000	0.005419	8049
59264.099700	8430534169.000	0.003533	8049
59264.099712	8430534168.000	0.004498	8049
59264.099723	8430534168.000	0.002107	8049
59264.099735	8430534167.000	0.003961	8049
59264.099746	8430534167.000	0.002992	8049
59264.099758	8430534166.000	0.003724	8049
59264.099769	8430534165.000	0.003742	8049
59264.099781	8430534165.000	0.002776	8049
59264.099792	8430534166.000	0.002073	8049
59264.099804	8430534164.000	0.002403	8049
59264.099816	8430534164.000	0.004863	8049
59264.099827	8430534163.000	0.005388	8049
59264.099839	8430534161.000	0.003991	8049
59264.099851	8430534161.000	0.002709	8049
59264.099862	8430534161.000	0.004120	8049
59264.099874	8430534161.000	0.003405	8049
59264.099885	8430534161.000	0.003617	8049
59264.099897	8430534159.000	0.003400	8049
59264.099908	8430534159.000	0.003744	8049
59264.099920	8430534158.000	0.004273	8049
59264.099931	8430534157.000	0.003813	8049
59264.099943	8430534155.000	0.005206	8049
59264.099955	8430534156.000	0.003091	8049
59264.099966	8430534156.000	0.002940	8049
59264.099978	8430534155.000	0.003645	8049
59264.099989	8430534155.000	0.004524	8049
59264.100001	8430534154.000	0.003052	8049
59264.100012	8430534153.000	0.001948	8049
59264.100024	8430534153.000	0.003763	8049
59264.100036	8430534152.000	0.003541	8049
59264.100047	8430534152.000	0.005598	8049
59264.100059	8430534150.000	0.002778	8049
59264.100070	8430534150.000	0.004169	8049
59264.100082	8430534149.000	0.002745	8049
59264.100093	8430534150.000	0.004058	8049
59264.100105	8430534149.000	0.003033	8049
59264.100117	8430534148.000	0.002671	8049
59264.100128	8430534148.000	0.002028	8049
59264.100140	8430534148.000	0.003935	8049
59264.100151	8430534148.000	0.003095	8049
59264.100163	8430534147.000	0.002675	8049
59264.100175	8430534146.000	0.002905	8049
59264.100186	8430534144.000	0.004927	8049
59264.100198	8430534144.000	0.003285	8049
59264.100209	8430534143.000	0.002373	8049
59264.100221	8430534143.000	0.003695	8049
59264.100232	8430534141.000	0.003150	8049
59264.100244	8430534142.000	0.003738	8049
59264.100256	8430534141.000	0.004276	8049
59264.100267	8430534140.000	0.003457	8049
59264.100279	8430534141.000	0.004187	8049
59264.100290	8430534140.000	0.003310	8049
59264.100302	8430534139.000	0.004423	8049
59264.100313	8430534138.000	0.004248	8049
59264.100325	8430534138.000	0.004297	8049
59264.100336	8430534137.000	0.003182	8049
59264.100348	8430534136.000	0.002205	8049
59264.100360	8430534137.000	0.003106	8049
59264.100371	8430534137.000	0.003525	8049
59264.100383	8430534135.000	0.002662	8049
59264.100394	8430534135.000	0.003637	8049
59264.100406	8430534135.000	0.002384	8049
59264.100418	8430534134.000	0.002922	8049
59264.100429	8430534133.000	0.002802	8049
59264.100441	8430534132.000	0.004698	8049
59264.100452	8430534132.000	0.003710	8049
59264.100464	8430534130.000	0.002878	8049
59264.100476	8430534131.000	0.004009	8049
59264.100487	8430534131.000	0.003061	8049
59264.100499	8430534129.000	0.003637	8049
59264.100510	8430534129.000	0.003190	8049
59264.100522	8430534128.000	0.004136	8049
59264.100533	8430534128.000	0.002634	8049
59264.100545	8430534127.000	0.004530	8049
59264.100556	8430534126.000	0.002099	8049
59264.100568	8430534125.000	0.003135	8049
59264.100580	8430534126.000	0.002930	8049
59264.100591	8430534125.000	0.002789	8049
59264.100603	8430534124.000	0.003174	8049
59264.100614	8430534124.000	0.003980	8049
59264.100626	8430534123.000	0.003032	8049
59264.100637	8430534122.000	0.002640	8049
59264.100649	8430534121.000	0.003754	8049
59264.100661	8430534121.000	0.001831	8049
59264.100672	8430534119.000	0.003584	8049
59264.100684	8430534121.000	0.004079	8049
59264.100695	8430534119.000	0.003723	8049
59264.100707	8430534118.000	0.003147	8049
59264.100718	8430534119.000	0.002261	8049
59264.100730	8430534118.000	0.002678	8049
59264.100742	8430534117.000	0.003559	8049
59264.100753	8430534117.000	0.004631	8049
59264.100765	8430534116.000	0.003081	8049
59264.100776	8430534116.000	0.005329	8049
59264.100788	8430534114.000	0.002086	8049
59264.100800	8430534114.000	0.002190	8049
59264.100811	8430534114.000	0.003084	8049
59264.100823	8430534112.000	0.003333	8049
59264.100834	8430534112.000	0.003571	8049
59264.100846	8430534112.000	0.004815	8049
59264.100857	8430534111.000	0.003003	8049
59264.100869	8430534110.000	0.002760	8049
59264.100880	8430534110.000	0.003517	8049
59264.100892	8430534109.000	0.003529	8049
59264.100904	8430534109.000	0.004208	8049
59264.100915	8430534108.000	0.003484	8049
59264.100927	8430534109.000	0.003619	8049
59264.100938	8430534107.000	0.004498	8049
59264.100950	8430534107.000	0.003842	8049
59264.100961	8430534106.000	0.004178	8049
59264.100973	8430534106.000	0.003695	8049
59264.100985	8430534104.000	0.002096	8049
59264.100996	8430534104.000	0.003235	8049
59264.101008	8430534104.000	0.002612	8049
59264.101019	8430534103.000	0.003498	8049
59264.101031	8430534102.000	0.001243	8049
59264.101042	8430534103.000	0.004311	8049
59264.101054	8430534102.000	0.005528	8049
59264.101066	8430534101.000	0.003275	8049
59264.101077	8430534100.000	0.003580	8049
59264.101089	8430534100.000	0.003612	8049
59264.101100	8430534099.000	0.003372	8049
59264.101112	8430534097.000	0.002664	8049
59264.101124	8430534098.000	0.002619	8049
59264.101135	8430534096.000	0.002393	8049
59264.101147	8430534097.000	0.003410	8049
59264.101158	8430534097.000	0.003107	8049
59264.101170	8430534097.000	0.003884	8049
59264.101181	8430534096.000	0.003393	8049
59264.101193	8430534095.000	0.002608	8049
59264.101205	8430534093.000	0.003374	8049
59264.101216	8430534092.000	0.003125	8049
59264.101228	8430534093.000	0.003989	8049
59264.101239	8430534092.000	0.004314	8049
59264.101251	8430534092.000	0.003392	8049
59264.101262	8430534091.000	0.003266	8049
59264.101274	8430534090.000	0.004011	8049
59264.101286	8430534090.000	0.003590	8049
59264.101297	8430534089.000	0.002854	8049
59264.101309	8430534089.000	0.003353	8049
59264.101320	8430534088.000	0.002817	8049
59264.101332	8430534088.000	0.003376	8049
59264.101343	8430534086.000	0.002860	8049
59264.101355	8430534086.000	0.004242	8049
59264.101366	8430534085.000	0.002489	8049
59264.101378	8430534086.000	0.005197	8049
59264.101390	8430534084.000	0.005147	8049
59264.101401	8430534084.000	0.004935	8049
59264.101413	8430534083.000	0.003464	8049
59264.101424	8430534082.000	0.003898	8049
59264.101436	8430534082.000	0.003442	8049
59264.101448	8430534083.000	0.003644	8049
59264.101459	8430534081.000	0.003195	8049
59264.101471	8430534081.000	0.002683	8049
59264.101482	8430534081.000	0.004166	8049
59264.101494	8430534079.000	0.002807	8049
59264.101505	8430534079.000	0.004034	8049
59264.101517	8430534080.000	0.005082	8049
59264.101529	8430534079.000	0.004118	8049
59264.101540	8430534078.000	0.005144	8049
59264.101552	8430534076.000	0.004364	8049
59264.101563	8430534075.000	0.003157	8049
59264.101575	8430534075.000	0.005112	8049
59264.101586	8430534075.000	0.001949	8049
59264.101598	8430534074.000	0.003038	8049
59264.101610	8430534074.000	0.003961	8049
59264.101621	8430534074.000	0.002822	8049
59264.101633	8430534073.000	0.004759	8049
59264.101644	8430534072.000	0.004855	8049
59264.101656	8430534072.000	0.005814	8049
59264.101667	8430534070.000	0.004424	8049
59264.101679	8430534070.000	0.003357	8049
59264.101691	8430534070.000	0.004113	8049
59264.101702	8430534070.000	0.002161	8049
59264.101714	8430534069.000	0.002845	8049
59264.101725	8430534069.000	0.004247	8049
59264.101737	8430534067.000	0.002759	8049
59264.101748	8430534067.000	0.003798	8049
59264.101760	8430534066.000	0.003725	8049
59264.101772	8430534066.000	0.003821	8049
59264.101783	8430534066.000	0.002801	8049
59264.101795	8430534065.000	0.004380	8049
59264.101806	8430534065.000	0.003710	8049
59264.101818	8430534064.000	0.002256	8049
59264.101830	8430534063.000	0.004140	8049
59264.101841	8430534062.000	0.003172	8049
59264.101853	8430534061.000	0.003785	8049
59264.101864	8430534062.000	0.002680	8049
59264.101876	8430534061.000	0.002880	8049
59264.101887	8430534060.000	0.002686	8049
59264.101899	8430534060.000	0.002741	8049
59264.101911	8430534059.000	0.003974	8049
59264.101922	8430534058.000	0.002329	8049
59264.101934	8430534057.000	0.003233	8049
59264.101945	8430534057.000	0.004536	8049
59264.101957	8430534056.000	0.003091	8049
59264.101968	8430534056.000	0.004768	8049
59264.101980	8430534055.000	0.003776	8049
59264.101992	8430534055.000	0.004385	8049
59264.102003	8430534054.000	0.004523	8049
59264.102015	8430534053.000	0.002701	8049
59264.102026	8430534053.000	0.004128	8049
59264.102038	8430534054.000	0.002498	8049
59264.102049	8430534051.000	0.003310	8049
59264.102061	8430534052.000	0.002865	8049
59264.102072	8430534051.000	0.004038	8049
59264.102084	8430534051.000	0.002827	8049
59264.102096	8430534050.000	0.003269	8049
59264.102107	8430534050.000	0.003094	8049
59264.102119	8430534049.000	0.002077	8049
59264.102131	8430534049.000	0.002975	8049
59264.102142	8430534047.000	0.002482	8049
59264.102154	8430534047.000	0.004371	8049
59264.102165	8430534046.000	0.003801	8049
59264.102177	8430534045.000	0.002760	8049
59264.102188	8430534045.000	0.004713	8049
59264.102200	8430534045.000	0.002445	8049
59264.102211	8430534044.000	0.002644	8049
59264.102223	8430534043.000	0.003054	8049
59264.102235	8430534043.000	0.004052	8049
59264.102246	8430534043.000	0.003607	8049
59264.102258	8430534041.000	0.001372	8049
59264.102269	8430534042.000	0.002928	8049
59264.102281	8430534040.000	0.005158	8049
59264.102292	8430534041.000	0.002425	8049
59264.102304	8430534040.000	0.002880	8049
59264.102316	8430534039.000	0.004543	8049
59264.102327	8430534038.000	0.003260	8049
59264.102339	8430534038.000	0.003511	8049
59264.102350	8430534037.000	0.003544	8049
59264.102362	8430534037.000	0.003302	8049
59264.102373	8430534036.000	0.004182	8049
59264.102385	8430534035.000	0.004335	8049
59264.102397	8430534036.000	0.003803	8049
59264.102408	8430534035.000	0.004634	8049
59264.102420	8430534034.000	0.003341	8049
59264.102431	8430534033.000	0.004833	8049
59264.102443	8430534032.000	0.003675	8049
59264.102455	8430534032.000	0.004143	8049
59264.102466	8430534031.000	0.002982	8049
59264.102478	8430534030.000	0.002081	8049
59264.102489	8430534031.000	0.003161	8049
59264.102501	8430534030.000	0.002784	8049
59264.102512	8430534029.000	0.003506	8049
59264.102524	8430534028.000	0.002926	8049
59264.102536	8430534028.000	0.003992	8049
59264.102547	8430534027.000	0.003603	8049
59264.102559	8430534026.000	0.004112	8049
59264.102570	8430534025.000	0.002542	8049
59264.102582	8430534026.000	0.004133	8049
59264.102593	8430534024.000	0.004295	8049
59264.102605	8430534024.000	0.003435	8049
59264.102617	8430534023.000	0.003386	8049
59264.102628	8430534023.000	0.003272	8049
59264.102640	8430534022.000	0.004621	8049
59264.102651	8430534023.000	0.003730	8049
59264.102663	8430534023.000	0.002629	8049
59264.102674	8430534021.000	0.005404	8049
59264.102686	8430534021.000	0.003698	8049
59264.102698	8430534020.000	0.003025	8049
59264.102709	8430534019.000	0.003747	8049
59264.102721	8430534018.000	0.002936	8049
59264.102732	8430534018.000	0.003499	8049
59264.102744	8430534018.000	0.003330	8049
59264.102756	8430534017.000	0.003495	8049
59264.102767	8430534017.000	0.002769	8049
59264.102779	8430534016.000	0.001842	8049
59264.102790	8430534016.000	0.002830	8049
59264.102802	8430534014.000	0.005099	8049
59264.102813	8430534014.000	0.003915	8049
59264.102825	8430534013.000	0.004560	8049
59264.102836	8430534013.000	0.003661	8049
59264.102848	8430534012.000	0.003095	8049
59264.102860	8430534013.000	0.003046	8049
59264.102871	8430534011.000	0.002765	8049
59264.102883	8430534010.000	0.003552	8049
59264.102895	8430534011.000	0.002746	8049
59264.102906	8430534010.000	0.004196	8049
59264.102918	8430534009.000	0.003021	8049
59264.102929	8430534009.000	0.005728	8049
59264.102941	8430534008.000	0.002938	8049
59264.102952	8430534007.000	0.003905	8049
59264.102964	8430534007.000	0.002646	8049
59264.102975	8430534006.000	0.004084	8049
59264.102987	8430534005.000	0.001854	8049
59264.102998	8430534004.000	0.002603	8049
59264.103010	8430534004.000	0.003556	8049
59264.103022	8430534003.000	0.003809	8049
59264.103033	8430534003.000	0.003522	8049
59264.103045	8430534003.000	0.004862	8049
59264.103056	8430534003.000	0.004039	8049
59264.103068	8430534002.000	0.003516	8049
59264.103079	8430534001.000	0.003067	8049
59264.103091	8430534000.000	0.005043	8049
59264.103103	8430534000.000	0.003767	8049
59264.103114	8430533999.000	0.003837	8049
59264.103126	8430533999.000	0.002291	8049
59264.103137	8430533998.000	0.003874	8049
59264.103149	8430533998.000	0.003321	8049
59264.103161	8430533998.000	0.003537	8049
59264.103172	8430533996.000	0.004396	8049
59264.103184	8430533996.000	0.003448	8049
59264.103195	8430533995.000	0.002056	8049
59264.103207	8430533994.000	0.003572	8049
59264.103218	8430533994.000	0.001798	8049
59264.103230	8430533994.000	0.003267	8049
59264.103242	8430533993.000	0.003701	8049
59264.103253	8430533992.000	0.002487	8049
59264.103265	8430533992.000	0.002713	8049
59264.103276	8430533991.000	0.003176	8049
59264.103288	8430533991.000	0.003717	8049
59264.103299	8430533990.000	0.005215	8049
59264.103311	8430533990.000	0.002757	8049
59264.103323	8430533989.000	0.003825	8049
59264.103334	8430533989.000	0.002934	8049
59264.103346	8430533988.000	0.004991	8049
59264.103357	8430533987.000	0.003885	8049
59264.103369	8430533986.000	0.004755	8049
59264.103380	8430533986.000	0.003050	8049
59264.103392	8430533985.000	0.003352	8049
59264.103404	8430533985.000	0.003046	8049
59264.103415	8430533983.000	0.002169	8049
59264.103427	8430533982.000	0.002954	8049
59264.103438	8430533983.000	0.003350	8049
59264.103450	8430533983.000	0.002117	8049
59264.103462	8430533982.000	0.003498	8049
59264.103473	8430533981.000	0.004286	8049
59264.103485	8430533981.000	0.003440	8049
59264.103496	8430533979.000	0.003673	8049
59264.103508	8430533979.000	0.004930	8049
59264.103519	8430533979.000	0.003964	8049
59264.103531	8430533979.000	0.003561	8049
59264.103543	8430533979.000	0.006140	8049
59264.103554	8430533977.000	0.002474	8049
59264.103566	8430533977.000	0.003803	8049
59264.103577	8430533976.000	0.003429	8049
59264.103589	8430533976.000	0.002806	8049
59264.103600	8430533976.000	0.002445	8049
59264.103612	8430533974.000	0.003604	8049
59264.103624	8430533975.000	0.003008	8049
59264.103635	8430533973.000	0.002924	8049
59264.103647	8430533973.000	0.002417	8049
59264.103658	8430533973.000	0.003635	8049
59264.103670	8430533972.000	0.004361	8049
59264.103681	8430533971.000	0.003607	8049
59264.103693	8430533971.000	0.003088	8049
59264.103704	8430533970.000	0.003932	8049
59264.103716	8430533969.000	0.003804	8049
59264.103728	8430533968.000	0.003577	8049
59264.103739	8430533968.000	0.002888	8049
59264.103751	8430533967.000	0.002723	8049
59264.103763	8430533966.000	0.004333	8049
59264.103774	8430533966.000	0.003884	8049
59264.103786	8430533966.000	0.005003	8049
59264.103797	8430533966.000	0.005561	8049
59264.103809	8430533965.000	0.002794	8049
59264.103820	8430533964.000	0.004951	8049
59264.103832	8430533964.000	0.003850	8049
59264.103843	8430533963.000	0.003742	8049
59264.103855	8430533964.000	0.002749	8049
59264.103867	8430533961.000	0.002928	8049
59264.103878	8430533961.000	0.003996	8049
59264.103890	8430533960.000	0.003420	8049
59264.103901	8430533960.000	0.005006	8049
59264.103913	8430533960.000	0.003335	8049
59264.103924	8430533960.000	0.004351	8049
59264.103936	8430533959.000	0.002418	8049
59264.103948	8430533957.000	0.004853	8049
59264.103959	8430533957.000	0.003430	8049
59264.103971	8430533957.000	0.003571	8049
59264.103982	8430533956.000	0.004609	8049
59264.103994	8430533956.000	0.002195	8049
59264.104005	8430533955.000	0.003763	8049
59264.104017	8430533955.000	0.004847	8049
59264.104029	8430533954.000	0.003710	8049
59264.104040	8430533954.000	0.003645	8049
59264.104052	8430533953.000	0.004044	8049
59264.104063	8430533952.000	0.003142	8049
59264.104075	8430533951.000	0.002503	8049
59264.104087	8430533952.000	0.002256	8049
59264.104098	8430533950.000	0.003043	8049
59264.104110	8430533950.000	0.004007	8049
59264.104121	8430533948.000	0.002453	8049
59264.104133	8430533949.000	0.003003	8049
59264.104144	8430533948.000	0.004460	8049
59264.104156	8430533947.000	0.003499	8049
59264.104168	8430533947.000	0.004258	8049
59264.104179	8430533946.000	0.003867	8049
59264.104191	8430533946.000	0.003998	8049
59264.104202	8430533945.000	0.004497	8049
59264.104214	8430533943.000	0.003129	8049
59264.104225	8430533944.000	0.004019	8049
59264.104237	8430533943.000	0.003264	8049
59264.104248	8430533942.000	0.003354	8049
59264.104260	8430533943.000	0.004761	8049
59264.104272	8430533942.000	0.003717	8049
59264.104283	8430533940.000	0.003033	8049
59264.104295	8430533940.000	0.004838	8049
59264.104306	8430533940.000	0.004186	8049
59264.104318	8430533940.000	0.005287	8049
59264.104329	8430533939.000	0.005240	8049
59264.104341	8430533939.000	0.003506	8049
59264.104353	8430533938.000	0.003149	8049
59264.104364	8430533937.000	0.003339	8049
59264.104376	8430533937.000	0.004612	8049
59264.104387	8430533936.000	0.004011	8049
59264.104399	8430533935.000	0.002217	8049
59264.104411	8430533935.000	0.003408	8049
59264.104422	8430533934.000	0.003347	8049
59264.104434	8430533934.000	0.003446	8049
59264.104445	8430533934.000	0.003412	8049
59264.104457	8430533933.000	0.003008	8049
59264.104468	8430533932.000	0.002844	8049
59264.104480	8430533932.000	0.004792	8049
59264.104492	8430533931.000	0.003457	8049
59264.104503	8430533930.000	0.003125	8049
59264.104515	8430533930.000	0.002252	8049
59264.104526	8430533929.000	0.004017	8049
59264.104538	8430533928.000	0.004145	8049
59264.104549	8430533929.000	0.002887	8049
59264.104561	8430533929.000	0.003311	8049
59264.104573	8430533927.000	0.004436	8049
59264.104584	8430533927.000	0.003142	8049
59264.104596	8430533926.000	0.003278	8049
59264.104607	8430533925.000	0.003522	8049
59264.104619	8430533926.000	0.003754	8049
59264.104630	8430533925.000	0.003617	8049
59264.104642	8430533924.000	0.003272	8049
59264.104654	8430533923.000	0.002689	8049
59264.104665	8430533921.000	0.003598	8049
59264.104677	8430533921.000	0.002969	8049
59264.104688	8430533921.000	0.004200	8049
59264.104700	8430533920.000	0.003308	8049
59264.104711	8430533920.000	0.003937	8049
59264.104723	8430533919.000	0.003508	8049
59264.104735	8430533919.000	0.003201	8049
59264.104746	8430533919.000	0.002961	8049
59264.104758	8430533917.000	0.004256	8049
59264.104769	8430533916.000	0.003692	8049
59264.104781	8430533916.000	0.004755	8049
59264.104793	8430533916.000	0.004221	8049
59264.104804	8430533916.000	0.004985	8049
59264.104816	8430533914.000	0.004109	8049
59264.104827	8430533913.000	0.003933	8049
59264.104839	8430533914.000	0.002756	8049
59264.104850	8430533912.000	0.004728	8049
59264.104862	8430533912.000	0.003004	8049
59264.104874	8430533912.000	0.003164	8049
59264.104885	8430533911.000	0.003677	8049
59264.104897	8430533910.000	0.004974	8049
59264.104908	8430533909.000	0.003981	8049
59264.104920	8430533910.000	0.004191	8049
59264.104931	8430533908.000	0.003956	8049
59264.104943	8430533907.000	0.004286	8049
59264.104954	8430533908.000	0.002976	8049
59264.104966	8430533908.000	0.004300	8049
59264.104978	8430533907.000	0.002690	8049
59264.104989	8430533906.000	0.002561	8049
59264.105001	8430533906.000	0.003719	8049
59264.105012	8430533905.000	0.004875	8049
59264.105024	8430533905.000	0.003292	8049
59264.105035	8430533904.000	0.003992	8049
59264.105047	8430533903.000	0.003909	8049
59264.105059	8430533903.000	0.003348	8049
59264.105070	8430533902.000	0.004295	8049
59264.105082	8430533901.000	0.003330	8049
59264.105093	8430533901.000	0.003523	8049
59264.105105	8430533900.000	0.005128	8049
59264.105117	8430533900.000	0.001637	8049
59264.105128	8430533900.000	0.003663	8049
59264.105140	8430533899.000	0.003382	8049
59264.105151	8430533899.000	0.002907	8049
59264.105163	8430533898.000	0.003619	8049
59264.105174	8430533897.000	0.003502	8049
59264.105186	8430533897.000	0.003473	8049
59264.105198	8430533896.000	0.002903	8049
59264.105209	8430533896.000	0.003263	8049
59264.105221	8430533895.000	0.002139	8049
59264.105232	8430533894.000	0.004078	8049
59264.105244	8430533894.000	0.003876	8049
59264.105255	8430533892.000	0.004137	8049
59264.105267	8430533892.000	0.004004	8049
59264.105279	8430533892.000	0.003910	8049
59264.105290	8430533892.000	0.003605	8049
59264.105302	8430533892.000	0.002388	8049
59264.105313	8430533890.000	0.002643	8049
59264.105325	8430533889.000	0.003873	8049
59264.105336	8430533888.000	0.004443	8049
59264.105348	8430533889.000	0.001641	8049
59264.105359	8430533888.000	0.003639	8049
59264.105371	8430533887.000	0.003020	8049
59264.105383	8430533887.000	0.002587	8049
59264.105394	8430533885.000	0.003492	8049
59264.105406	8430533885.000	0.003324	8049
59264.105418	8430533885.000	0.004419	8049
59264.105429	8430533886.000	0.003713	8049
59264.105441	8430533884.000	0.004791	8049
59264.105452	8430533883.000	0.002026	8049
59264.105464	8430533882.000	0.004411	8049
59264.105475	8430533883.000	0.003549	8049
59264.105487	8430533881.000	0.004052	8049
59264.105499	8430533881.000	0.003442	8049
59264.105510	8430533880.000	0.004117	8049
59264.105522	8430533879.000	0.003434	8049
59264.105533	8430533880.000	0.003236	8049
59264.105545	8430533879.000	0.003963	8049
59264.105556	8430533879.000	0.004331	8049
59264.105568	8430533878.000	0.003292	8049
59264.105579	8430533878.000	0.004488	8049
59264.105591	8430533877.000	0.004382	8049
59264.105603	8430533875.000	0.005461	8049
59264.105614	8430533876.000	0.002922	8049
59264.105626	8430533875.000	0.002302	8049
59264.105637	8430533874.000	0.003503	8049
59264.105649	8430533873.000	0.004736	8049
59264.105661	8430533874.000	0.002690	8049
59264.105672	8430533872.000	0.003388	8049
59264.105684	8430533872.000	0.004068	8049
59264.105695	8430533871.000	0.005357	8049
59264.105707	8430533871.000	0.003800	8049
59264.105718	8430533869.000	0.003904	8049
59264.105730	8430533870.000	0.003768	8049
59264.105742	8430533869.000	0.002503	8049
59264.105753	8430533869.000	0.004088	8049
59264.105765	8430533868.000	0.003464	8049
59264.105776	8430533867.000	0.005132	8049
59264.105788	8430533867.000	0.003233	8049
59264.105800	8430533866.000	0.004356	8049
59264.105811	8430533866.000	0.004277	8049
59264.105823	8430533865.000	0.003344	8049
59264.105834	8430533864.000	0.004319	8049
59264.105846	8430533864.000	0.003073	8049
59264.105857	8430533863.000	0.002359	8049
59264.105869	8430533863.000	0.003883	8049
59264.105880	8430533863.000	0.004587	8049
59264.105892	8430533862.000	0.002754	8049
59264.105904	8430533862.000	0.002244	8049
59264.105915	8430533861.000	0.003418	8049
59264.105927	8430533860.000	0.004187	8049
59264.105938	8430533859.000	0.004360	8049
59264.105950	8430533858.000	0.002912	8049
59264.105961	8430533857.000	0.002911	8049
59264.105973	8430533857.000	0.002611	8049
59264.105985	8430533857.000	0.003058	8049
59264.105996	8430533856.000	0.003031	8049
59264.106008	8430533855.000	0.004096	8049
59264.106019	8430533855.000	0.006068	8049
59264.106031	8430533855.000	0.002183	8049
59264.106042	8430533854.000	0.005665	8049
59264.106054	8430533853.000	0.002954	8049
59264.106066	8430533853.000	0.003424	8049
59264.106077	8430533853.000	0.004519	8049
59264.106089	8430533852.000	0.004262	8049
59264.106100	8430533851.000	0.002533	8049
59264.106112	8430533850.000	0.003735	8049
59264.106124	8430533850.000	0.003883	8049
59264.106135	8430533850.000	0.003173	8049
59264.106147	8430533849.000	0.004113	8049
59264.106158	8430533848.000	0.002438	8049
59264.106170	8430533848.000	0.004828	8049
59264.106181	8430533847.000	0.003471	8049
59264.106193	8430533846.000	0.003045	8049
59264.106205	8430533846.000	0.004698	8049
59264.106216	8430533847.000	0.001997	8049
59264.106228	8430533845.000	0.003677	8049
59264.106239	8430533844.000	0.003505	8049
59264.106251	8430533844.000	0.003586	8049
59264.106262	8430533843.000	0.003711	8049
59264.106274	8430533842.000	0.003043	8049
59264.106286	8430533841.000	0.003388	8049
59264.106297	8430533841.000	0.002585	8049
59264.106309	8430533840.000	0.004178	8049
59264.106320	8430533840.000	0.003557	8049
59264.106332	8430533840.000	0.003622	8049
59264.106343	8430533839.000	0.004538	8049
59264.106355	8430533838.000	0.004690	8049
59264.106366	8430533838.000	0.003082	8049
59264.106378	8430533837.000	0.003297	8049
59264.106390	8430533837.000	0.003874	8049
59264.106401	8430533835.000	0.002393	8049
59264.106413	8430533836.000	0.003250	8049
59264.106424	8430533836.000	0.002435	8049
59264.106436	8430533836.000	0.003146	8049
59264.106448	8430533834.000	0.003505	8049
59264.106459	8430533833.000	0.004374	8049
59264.106471	8430533832.000	0.002801	8049
59264.106482	8430533833.000	0.003477	8049
59264.106494	8430533832.000	0.003386	8049
59264.106505	8430533831.000	0.002717	8049
59264.106517	8430533831.000	0.002478	8049
59264.106529	8430533830.000	0.003165	8049
59264.106540	8430533830.000	0.004048	8049
59264.106552	8430533830.000	0.003311	8049
59264.106563	8430533829.000	0.005472	8049
59264.106575	8430533828.000	0.003071	8049
59264.106586	8430533827.000	0.004540	8049
59264.106598	8430533827.000	0.003716	8049
59264.106610	8430533826.000	0.002732	8049
59264.106621	8430533826.000	0.002994	8049
59264.106633	8430533825.000	0.003606	8049
59264.106644	8430533824.000	0.005229	8049
59264.106656	8430533825.000	0.003190	8049
59264.106667	8430533823.000	0.002693	8049
59264.106679	8430533821.000	0.003547	8049
59264.106691	8430533822.000	0.003068	8049
59264.106702	8430533822.000	0.002697	8049
59264.106714	8430533821.000	0.002458	8049
59264.106725	8430533820.000	0.003684	8049
59264.106737	8430533819.000	0.002648	8049
59264.106749	8430533819.000	0.002269	8049
59264.106760	8430533818.000	0.002631	8049
59264.106772	8430533819.000	0.004958	8049
59264.106783	8430533819.000	0.002512	8049
59264.106795	8430533817.000	0.003778	8049
59264.106806	8430533817.000	0.004079	8049
59264.106818	8430533815.000	0.004318	8049
59264.106830	8430533815.000	0.002034	8049
59264.106841	8430533814.000	0.003408	8049
59264.106853	8430533814.000	0.003309	8049
59264.106864	8430533814.000	0.004114	8049
59264.106876	8430533813.000	0.003396	8049
59264.106887	8430533812.000	0.002582	8049
59264.106899	8430533812.000	0.002381	8049
59264.106911	8430533811.000	0.003826	8049
59264.106922	8430533810.000	0.004905	8049
59264.106934	8430533810.000	0.004065	8049
59264.106945	8430533810.000	0.003665	8049
59264.106957	8430533810.000	0.004934	8049
59264.106968	8430533809.000	0.003557	8049
59264.106980	8430533808.000	0.002678	8049
59264.106992	8430533807.000	0.003175	8049
59264.107003	8430533806.000	0.003238	8049
59264.107015	8430533805.000	0.004723	8049
59264.107026	8430533805.000	0.003198	8049
59264.107038	8430533805.000	0.002576	8049
59264.107050	8430533804.000	0.002533	8049
59264.107061	8430533804.000	0.003301	8049
59264.107073	8430533804.000	0.005466	8049
59264.107084	8430533803.000	0.003210	8049
59264.107096	8430533802.000	0.003964	8049
59264.107107	8430533802.000	0.004039	8049
59264.107119	8430533801.000	0.003256	8049
59264.107130	8430533800.000	0.004870	8049
59264.107142	8430533800.000	0.003578	8049
59264.107154	8430533799.000	0.004010	8049
59264.107165	8430533799.000	0.004230	8049
59264.107177	8430533799.000	0.005108	8049
59264.107188	8430533798.000	0.003023	8049
59264.107200	8430533797.000	0.003689	8049
59264.107211	8430533796.000	0.003098	8049
59264.107223	8430533795.000	0.004351	8049
59264.107235	8430533794.000	0.005993	8049
59264.107246	8430533794.000	0.004149	8049
59264.107258	8430533794.000	0.003443	8049
59264.107269	8430533795.000	0.003544	8049
59264.107281	8430533793.000	0.003310	8049
59264.107292	8430533792.000	0.003868	8049
59264.107304	8430533792.000	0.002987	8049
59264.107316	8430533791.000	0.003609	8049
59264.107327	8430533791.000	0.003918	8049
59264.107339	8430533790.000	0.003802	8049
59264.107350	8430533789.000	0.002701	8049
59264.107362	8430533789.000	0.003616	8049
59264.107374	8430533789.000	0.003336	8049
59264.107385	8430533787.000	0.003638	8049
59264.107397	8430533787.000	0.003816	8049
59264.107408	8430533787.000	0.003168	8049
59264.107420	8430533786.000	0.004001	8049
59264.107431	8430533786.000	0.003604	8049
59264.107443	8430533785.000	0.004561	8049
59264.107455	8430533785.000	0.004261	8049
59264.107466	8430533785.000	0.003430	8049
59264.107478	8430533784.000	0.004465	8049
59264.107489	8430533782.000	0.002059	8049
59264.107501	8430533782.000	0.003803	8049
59264.107512	8430533780.000	0.003236	8049
59264.107524	8430533780.000	0.003319	8049
59264.107535	8430533781.000	0.003811	8049
59264.107547	8430533780.000	0.002855	8049
59264.107559	8430533779.000	0.001982	8049
59264.107570	8430533779.000	0.004864	8049
59264.107582	8430533778.000	0.003393	8049
59264.107593	8430533778.000	0.004376	8049
59264.107605	8430533777.000	0.005588	8049
59264.107616	8430533776.000	0.002648	8049
59264.107628	8430533775.000	0.003053	8049
59264.107640	8430533776.000	0.003132	8049
59264.107651	8430533774.000	0.003248	8049
59264.107663	8430533774.000	0.003143	8049
59264.107674	8430533773.000	0.003900	8049
59264.107686	8430533772.000	0.004836	8049
59264.107698	8430533772.000	0.003935	8049
59264.107709	8430533771.000	0.005352	8049
59264.107721	8430533771.000	0.003854	8049
59264.107732	8430533771.000	0.004062	8049
59264.107744	8430533771.000	0.002233	8049
59264.107755	8430533770.000	0.003662	8049
59264.107767	8430533770.000	0.003857	8049
59264.107779	8430533769.000	0.004059	8049
59264.107790	8430533768.000	0.004481	8049
59264.107802	8430533768.000	0.004416	8049
59264.107814	8430533767.000	0.003802	8049
59264.107825	8430533766.000	0.004176	8049
59264.107837	8430533767.000	0.003172	8049
59264.107848	8430533765.000	0.003841	8049
59264.107860	8430533764.000	0.003792	8049
59264.107871	8430533763.000	0.003676	8049
59264.107883	8430533763.000	0.004322	8049
59264.107894	8430533763.000	0.002699	8049
59264.107906	8430533761.000	0.003877	8049
59264.107917	8430533761.000	0.002903	8049
59264.107929	8430533760.000	0.004914	8049
59264.107941	8430533760.000	0.003662	8049
59264.107952	8430533760.000	0.002877	8049
59264.107964	8430533759.000	0.002626	8049
59264.107975	8430533759.000	0.004126	8049
59264.107987	8430533758.000	0.002817	8049
59264.107998	8430533758.000	0.003313	8049
59264.108010	8430533757.000	0.003000	8049
59264.108022	8430533756.000	0.002786	8049
59264.108033	8430533755.000	0.003341	8049
59264.108045	8430533756.000	0.002635	8049
59264.108057	8430533755.000	0.002718	8049
59264.108068	8430533754.000	0.005520	8049
59264.108080	8430533753.000	0.003822	8049
59264.108091	8430533753.000	0.003841	8049
59264.108103	8430533753.000	0.003311	8049
59264.108114	8430533752.000	0.004307	8049
59264.108126	8430533751.000	0.003835	8049
59264.108137	8430533750.000	0.002819	8049
59264.108149	8430533750.000	0.004687	8049
59264.108161	8430533750.000	0.003491	8049
59264.108172	8430533749.000	0.003590	8049
59264.108184	8430533748.000	0.003878	8049
59264.108195	8430533749.000	0.004250	8049
59264.108207	8430533748.000	0.002967	8049
59264.108218	8430533747.000	0.003719	8049
59264.108230	8430533747.000	0.005166	8049
59264.108242	8430533745.000	0.004043	8049
59264.108253	8430533745.000	0.003799	8049
59264.108265	8430533744.000	0.004115	8049
59264.108276	8430533744.000	0.001879	8049
59264.108288	8430533744.000	0.002997	8049
59264.108299	8430533742.000	0.004209	8049
59264.108311	8430533743.000	0.002618	8049
59264.108323	8430533741.000	0.003642	8049
59264.108334	8430533740.000	0.003425	8049
59264.108346	8430533740.000	0.003456	8049
59264.108357	8430533739.000	0.003627	8049
59264.108369	8430533739.000	0.004848	8049
59264.108381	8430533739.000	0.003300	8049
59264.108392	8430533739.000	0.004437	8049
59264.108404	8430533738.000	0.004575	8049
59264.108415	8430533737.000	0.004051	8049
59264.108427	8430533737.000	0.003249	8049
59264.108438	8430533736.000	0.003572	8049
59264.108450	8430533736.000	0.002329	8049
59264.108462	8430533735.000	0.004212	8049
59264.108473	8430533734.000	0.003370	8049
59264.108485	8430533733.000	0.003345	8049
59264.108496	8430533733.000	0.003651	8049
59264.108508	8430533733.000	0.003061	8049
59264.108519	8430533732.000	0.002049	8049
59264.108531	8430533732.000	0.002123	8049
59264.108543	8430533731.000	0.002425	8049
59264.108554	8430533731.000	0.002963	8049
59264.108566	8430533731.000	0.002532	8049
59264.108577	8430533729.000	0.003630	8049
59264.108589	8430533729.000	0.004544	8049
59264.108600	8430533728.000	0.002967	8049
59264.108612	8430533728.000	0.002651	8049
59264.108623	8430533727.000	0.003114	8049
59264.108635	8430533727.000	0.002909	8049
59264.108647	8430533725.000	0.002074	8049
59264.108658	8430533725.000	0.003880	8049
59264.108670	8430533723.000	0.002867	8049
59264.108681	8430533724.000	0.004660	8049
59264.108693	8430533723.000	0.002975	8049
59264.108705	8430533723.000	0.003010	8049
59264.108716	8430533723.000	0.004349	8049
59264.108728	8430533723.000	0.003549	8049
59264.108739	8430533722.000	0.003325	8049
59264.108751	8430533722.000	0.002699	8049
59264.108762	8430533720.000	0.003725	8049
59264.108774	8430533719.000	0.002942	8049
59264.108786	8430533719.000	0.002962	8049
59264.108797	8430533719.000	0.003682	8049
59264.108809	8430533719.000	0.001290	8049
59264.108820	8430533717.000	0.003525	8049
59264.108832	8430533717.000	0.003528	8049
59264.108843	8430533717.000	0.002358	8049
59264.108855	8430533714.000	0.003024	8049
59264.108867	8430533716.000	0.002644	8049
59264.108878	8430533715.000	0.004098	8049
59264.108890	8430533714.000	0.003531	8049
59264.108901	8430533714.000	0.003141	8049
59264.108913	8430533713.000	0.003292	8049
59264.108924	8430533713.000	0.004219	8049
59264.108936	8430533712.000	0.002234	8049
59264.108948	8430533710.000	0.002878	8049
59264.108959	8430533710.000	0.002671	8049
59264.108971	8430533710.000	0.003039	8049
