59262.101104	8430535020.000	0.002747	8049
59262.101116	8430535020.000	0.002779	8049
59262.101128	8430535019.000	0.003458	8049
59262.101139	8430535017.000	0.004254	8049
59262.101151	8430535017.000	0.002260	8049
59262.101162	8430535017.000	0.003057	8049
59262.101174	8430535017.000	0.003612	8049
59262.101185	8430535017.000	0.002537	8049
59262.101197	8430535016.000	0.003597	8049
59262.101209	8430535015.000	0.004079	8049
59262.101220	8430535013.000	0.002717	8049
59262.101232	8430535014.000	0.002373	8049
59262.101243	8430535013.000	0.003394	8049
59262.101255	8430535013.000	0.002314	8049
59262.101266	8430535013.000	0.002044	8049
59262.101278	8430535012.000	0.004233	8049
59262.101289	8430535011.000	0.003345	8049
59262.101301	8430535010.000	0.002886	8049
59262.101313	8430535010.000	0.002759	8049
59262.101324	8430535010.000	0.003309	8049
59262.101336	8430535009.000	0.003120	8049
59262.101348	8430535008.000	0.003101	8049
59262.101359	8430535008.000	0.003164	8049
59262.101371	8430535007.000	0.003748	8049
59262.101382	8430535006.000	0.003113	8049
59262.101394	8430535006.000	0.002676	8049
59262.101405	8430535005.000	0.003886	8049
59262.101417	8430535004.000	0.002706	8049
59262.101429	8430535004.000	0.002808	8049
59262.101440	8430535004.000	0.003373	8049
59262.101452	8430535004.000	0.004472	8049
59262.101463	8430535004.000	0.002336	8049
59262.101475	8430535003.000	0.002650	8049
59262.101486	8430535001.000	0.003076	8049
59262.101498	8430534999.000	0.002785	8049
59262.101510	8430534999.000	0.002564	8049
59262.101521	8430535000.000	0.003737	8049
59262.101533	8430534999.000	0.004006	8049
59262.101544	8430534998.000	0.003196	8049
59262.101556	8430534998.000	0.003595	8049
59262.101567	8430534998.000	0.003552	8049
59262.101579	8430534996.000	0.003149	8049
59262.101590	8430534996.000	0.002317	8049
59262.101602	8430534995.000	0.002634	8049
59262.101614	8430534995.000	0.002379	8049
59262.101625	8430534993.000	0.003281	8049
59262.101637	8430534993.000	0.004096	8049
59262.101648	8430534993.000	0.003777	8049
59262.101660	8430534993.000	0.002714	8049
59262.101672	8430534993.000	0.003238	8049
59262.101683	8430534993.000	0.003006	8049
59262.101695	8430534991.000	0.002600	8049
59262.101706	8430534991.000	0.003202	8049
59262.101718	8430534990.000	0.002420	8049
59262.101729	8430534988.000	0.003035	8049
59262.101741	8430534988.000	0.002257	8049
59262.101753	8430534987.000	0.002939	8049
59262.101764	8430534988.000	0.003186	8049
59262.101776	8430534987.000	0.002351	8049
59262.101787	8430534988.000	0.002942	8049
59262.101799	8430534986.000	0.002929	8049
59262.101810	8430534985.000	0.003317	8049
59262.101822	8430534984.000	0.002869	8049
59262.101834	8430534984.000	0.004619	8049
59262.101845	8430534983.000	0.003770	8049
59262.101857	8430534983.000	0.003545	8049
59262.101868	8430534983.000	0.002621	8049
59262.101880	8430534981.000	0.003455	8049
59262.101891	8430534981.000	0.003327	8049
59262.101903	8430534979.000	0.003417	8049
59262.101914	8430534979.000	0.003589	8049
59262.101926	8430534979.000	0.003202	8049
59262.101938	8430534978.000	0.003012	8049
59262.101949	8430534977.000	0.002122	8049
59262.101961	8430534977.000	0.004311	8049
59262.101972	8430534977.000	0.003676	8049
59262.101984	8430534976.000	0.004106	8049
59262.101996	8430534975.000	0.002808	8049
59262.102007	8430534975.000	0.004473	8049
59262.102019	8430534974.000	0.002800	8049
59262.102030	8430534974.000	0.003928	8049
59262.102042	8430534973.000	0.004191	8049
59262.102054	8430534973.000	0.003160	8049
59262.102065	8430534973.000	0.003957	8049
59262.102077	8430534972.000	0.003442	8049
59262.102088	8430534972.000	0.002285	8049
59262.102100	8430534971.000	0.002821	8049
59262.102111	8430534971.000	0.003340	8049
59262.102123	8430534969.000	0.004135	8049
59262.102134	8430534968.000	0.002804	8049
59262.102146	8430534967.000	0.002973	8049
59262.102158	8430534968.000	0.003918	8049
59262.102169	8430534967.000	0.004709	8049
59262.102181	8430534967.000	0.003135	8049
59262.102192	8430534967.000	0.003585	8049
59262.102204	8430534966.000	0.002467	8049
59262.102215	8430534964.000	0.003009	8049
59262.102227	8430534963.000	0.002884	8049
59262.102239	8430534964.000	0.003414	8049
59262.102250	8430534963.000	0.004486	8049
59262.102262	8430534961.000	0.002297	8049
59262.102273	8430534962.000	0.003036	8049
59262.102285	8430534961.000	0.003398	8049
59262.102296	8430534961.000	0.002165	8049
59262.102308	8430534960.000	0.003233	8049
59262.102320	8430534961.000	0.004184	8049
59262.102331	8430534959.000	0.002243	8049
59262.102343	8430534959.000	0.004363	8049
59262.102354	8430534958.000	0.003282	8049
59262.102366	8430534957.000	0.003941	8049
59262.102378	8430534956.000	0.003937	8049
59262.102389	8430534956.000	0.003443	8049
59262.102401	8430534956.000	0.003209	8049
59262.102412	8430534956.000	0.003985	8049
59262.102424	8430534954.000	0.004394	8049
59262.102435	8430534954.000	0.003208	8049
59262.102447	8430534953.000	0.003772	8049
59262.102459	8430534952.000	0.003490	8049
59262.102470	8430534952.000	0.003094	8049
59262.102482	8430534951.000	0.002529	8049
59262.102493	8430534950.000	0.002642	8049
59262.102505	8430534950.000	0.003733	8049
59262.102516	8430534949.000	0.002931	8049
59262.102528	8430534949.000	0.003972	8049
59262.102540	8430534949.000	0.003073	8049
59262.102551	8430534949.000	0.003462	8049
59262.102563	8430534948.000	0.003700	8049
59262.102574	8430534947.000	0.002414	8049
59262.102586	8430534946.000	0.002200	8049
59262.102597	8430534946.000	0.003664	8049
59262.102609	8430534946.000	0.002420	8049
59262.102621	8430534945.000	0.004102	8049
59262.102632	8430534944.000	0.002979	8049
59262.102644	8430534944.000	0.003809	8049
59262.102655	8430534943.000	0.003402	8049
59262.102667	8430534942.000	0.003163	8049
59262.102679	8430534941.000	0.003845	8049
59262.102690	8430534941.000	0.003457	8049
59262.102702	8430534940.000	0.004226	8049
59262.102713	8430534940.000	0.004796	8049
59262.102725	8430534939.000	0.003002	8049
59262.102736	8430534938.000	0.004152	8049
59262.102748	8430534938.000	0.003293	8049
59262.102759	8430534937.000	0.005020	8049
59262.102771	8430534937.000	0.003523	8049
59262.102783	8430534937.000	0.003741	8049
59262.102794	8430534936.000	0.004885	8049
59262.102806	8430534935.000	0.004428	8049
59262.102817	8430534935.000	0.003260	8049
59262.102829	8430534935.000	0.004324	8049
59262.102840	8430534934.000	0.003624	8049
59262.102852	8430534934.000	0.001959	8049
59262.102864	8430534933.000	0.004273	8049
59262.102875	8430534932.000	0.003572	8049
59262.102887	8430534932.000	0.001986	8049
59262.102898	8430534931.000	0.003849	8049
59262.102910	8430534931.000	0.003530	8049
59262.102921	8430534930.000	0.003261	8049
59262.102933	8430534929.000	0.002436	8049
59262.102945	8430534929.000	0.002954	8049
59262.102956	8430534928.000	0.004061	8049
59262.102968	8430534927.000	0.003646	8049
59262.102979	8430534926.000	0.003132	8049
59262.102991	8430534926.000	0.003529	8049
59262.103003	8430534925.000	0.002798	8049
59262.103014	8430534925.000	0.003014	8049
59262.103026	8430534924.000	0.003546	8049
59262.103037	8430534924.000	0.003613	8049
59262.103049	8430534924.000	0.003267	8049
59262.103060	8430534924.000	0.003343	8049
59262.103072	8430534923.000	0.004734	8049
59262.103084	8430534923.000	0.002818	8049
59262.103095	8430534922.000	0.003666	8049
59262.103107	8430534921.000	0.002737	8049
59262.103118	8430534920.000	0.002864	8049
59262.103130	8430534919.000	0.004028	8049
59262.103141	8430534919.000	0.003297	8049
59262.103153	8430534918.000	0.003593	8049
59262.103165	8430534918.000	0.002214	8049
59262.103176	8430534918.000	0.003249	8049
59262.103188	8430534917.000	0.003373	8049
59262.103199	8430534916.000	0.002294	8049
59262.103211	8430534916.000	0.003433	8049
59262.103222	8430534915.000	0.002835	8049
59262.103234	8430534914.000	0.003831	8049
59262.103246	8430534914.000	0.002840	8049
59262.103257	8430534914.000	0.002326	8049
59262.103269	8430534912.000	0.002609	8049
59262.103280	8430534911.000	0.003026	8049
59262.103292	8430534911.000	0.004118	8049
59262.103304	8430534911.000	0.002259	8049
59262.103315	8430534910.000	0.004238	8049
59262.103327	8430534909.000	0.001675	8049
59262.103338	8430534909.000	0.002153	8049
59262.103350	8430534909.000	0.003361	8049
59262.103361	8430534907.000	0.005621	8049
59262.103373	8430534909.000	0.003207	8049
59262.103385	8430534907.000	0.003245	8049
59262.103396	8430534907.000	0.003785	8049
59262.103408	8430534907.000	0.002734	8049
59262.103419	8430534906.000	0.002756	8049
59262.103431	8430534904.000	0.003198	8049
59262.103442	8430534904.000	0.001811	8049
59262.103454	8430534903.000	0.003349	8049
59262.103465	8430534903.000	0.003305	8049
59262.103477	8430534903.000	0.003868	8049
59262.103489	8430534901.000	0.002549	8049
59262.103500	8430534900.000	0.002471	8049
59262.103512	8430534899.000	0.002465	8049
59262.103523	8430534900.000	0.002479	8049
59262.103535	8430534900.000	0.002024	8049
59262.103546	8430534899.000	0.003896	8049
59262.103558	8430534899.000	0.003035	8049
59262.103570	8430534898.000	0.003702	8049
59262.103581	8430534898.000	0.004128	8049
59262.103593	8430534897.000	0.003144	8049
59262.103604	8430534896.000	0.002729	8049
59262.103616	8430534896.000	0.004125	8049
59262.103628	8430534896.000	0.002614	8049
59262.103639	8430534892.000	0.002703	8049
59262.103651	8430534892.000	0.003754	8049
59262.103662	8430534892.000	0.003502	8049
59262.103674	8430534891.000	0.003997	8049
59262.103685	8430534892.000	0.004501	8049
59262.103697	8430534890.000	0.003576	8049
59262.103709	8430534891.000	0.002310	8049
59262.103720	8430534891.000	0.002264	8049
59262.103732	8430534889.000	0.003515	8049
59262.103743	8430534888.000	0.002261	8049
59262.103755	8430534888.000	0.002377	8049
59262.103767	8430534888.000	0.004054	8049
59262.103778	8430534889.000	0.003511	8049
59262.103790	8430534887.000	0.003046	8049
59262.103801	8430534887.000	0.002011	8049
59262.103813	8430534885.000	0.003440	8049
59262.103824	8430534885.000	0.002565	8049
59262.103836	8430534885.000	0.002965	8049
59262.103847	8430534884.000	0.002556	8049
59262.103859	8430534883.000	0.003487	8049
59262.103871	8430534882.000	0.003472	8049
59262.103882	8430534883.000	0.003993	8049
59262.103894	8430534881.000	0.002247	8049
59262.103905	8430534881.000	0.003504	8049
59262.103917	8430534880.000	0.002845	8049
59262.103928	8430534880.000	0.003319	8049
59262.103940	8430534879.000	0.003715	8049
59262.103952	8430534879.000	0.003404	8049
59262.103963	8430534879.000	0.003813	8049
59262.103975	8430534878.000	0.003619	8049
59262.103986	8430534877.000	0.003475	8049
59262.103998	8430534876.000	0.003373	8049
59262.104010	8430534875.000	0.003734	8049
59262.104021	8430534875.000	0.002856	8049
59262.104033	8430534875.000	0.003013	8049
59262.104044	8430534874.000	0.003367	8049
59262.104056	8430534874.000	0.002770	8049
59262.104067	8430534873.000	0.002813	8049
59262.104079	8430534872.000	0.003517	8049
59262.104091	8430534872.000	0.002471	8049
59262.104102	8430534871.000	0.002662	8049
59262.104114	8430534870.000	0.002492	8049
59262.104125	8430534870.000	0.002802	8049
59262.104137	8430534869.000	0.003909	8049
59262.104148	8430534869.000	0.004375	8049
59262.104160	8430534867.000	0.002212	8049
59262.104171	8430534867.000	0.003027	8049
59262.104183	8430534866.000	0.002542	8049
59262.104195	8430534866.000	0.002492	8049
59262.104206	8430534865.000	0.002955	8049
59262.104218	8430534865.000	0.002216	8049
59262.104229	8430534864.000	0.003676	8049
59262.104241	8430534864.000	0.002193	8049
59262.104252	8430534864.000	0.003858	8049
59262.104264	8430534863.000	0.003796	8049
59262.104276	8430534862.000	0.003222	8049
59262.104287	8430534861.000	0.002715	8049
59262.104299	8430534861.000	0.002181	8049
59262.104311	8430534860.000	0.003491	8049
59262.104322	8430534860.000	0.004263	8049
59262.104334	8430534860.000	0.003964	8049
59262.104345	8430534859.000	0.003846	8049
59262.104357	8430534858.000	0.003669	8049
59262.104368	8430534858.000	0.002342	8049
59262.104380	8430534856.000	0.002667	8049
59262.104391	8430534856.000	0.003963	8049
59262.104403	8430534855.000	0.002982	8049
59262.104415	8430534855.000	0.002823	8049
59262.104426	8430534855.000	0.002341	8049
59262.104438	8430534854.000	0.004123	8049
59262.104449	8430534855.000	0.001702	8049
59262.104461	8430534853.000	0.003868	8049
59262.104472	8430534853.000	0.004059	8049
59262.104484	8430534853.000	0.002592	8049
59262.104496	8430534853.000	0.002344	8049
59262.104507	8430534851.000	0.002975	8049
59262.104519	8430534850.000	0.003072	8049
59262.104530	8430534850.000	0.003264	8049
59262.104542	8430534849.000	0.002881	8049
59262.104553	8430534849.000	0.003682	8049
59262.104565	8430534848.000	0.003056	8049
59262.104576	8430534847.000	0.003284	8049
59262.104588	8430534847.000	0.002986	8049
59262.104600	8430534846.000	0.002488	8049
59262.104611	8430534845.000	0.002821	8049
59262.104623	8430534844.000	0.002938	8049
59262.104635	8430534845.000	0.003043	8049
59262.104646	8430534844.000	0.003317	8049
59262.104658	8430534843.000	0.002774	8049
59262.104669	8430534843.000	0.003517	8049
59262.104681	8430534843.000	0.004540	8049
59262.104692	8430534841.000	0.001826	8049
59262.104704	8430534840.000	0.003107	8049
59262.104716	8430534840.000	0.003233	8049
59262.104727	8430534840.000	0.002386	8049
59262.104739	8430534839.000	0.003137	8049
59262.104750	8430534839.000	0.003256	8049
59262.104762	8430534839.000	0.002801	8049
59262.104773	8430534838.000	0.003205	8049
59262.104785	8430534836.000	0.003032	8049
59262.104796	8430534838.000	0.003335	8049
59262.104808	8430534836.000	0.004300	8049
59262.104820	8430534836.000	0.002027	8049
59262.104831	8430534835.000	0.003357	8049
59262.104843	8430534835.000	0.003159	8049
59262.104854	8430534834.000	0.002038	8049
59262.104866	8430534833.000	0.003008	8049
59262.104877	8430534832.000	0.002933	8049
59262.104889	8430534832.000	0.001569	8049
59262.104901	8430534832.000	0.001760	8049
59262.104912	8430534831.000	0.003867	8049
59262.104924	8430534830.000	0.003594	8049
59262.104935	8430534829.000	0.002424	8049
59262.104947	8430534829.000	0.003251	8049
59262.104959	8430534828.000	0.003173	8049
59262.104970	8430534827.000	0.004082	8049
59262.104982	8430534827.000	0.003069	8049
59262.104993	8430534827.000	0.002968	8049
59262.105005	8430534826.000	0.003120	8049
59262.105016	8430534825.000	0.002741	8049
59262.105028	8430534825.000	0.003748	8049
59262.105040	8430534824.000	0.003618	8049
59262.105051	8430534824.000	0.004387	8049
59262.105063	8430534823.000	0.002483	8049
59262.105074	8430534823.000	0.003230	8049
59262.105086	8430534824.000	0.003364	8049
59262.105097	8430534823.000	0.002877	8049
59262.105109	8430534822.000	0.002605	8049
59262.105121	8430534821.000	0.002491	8049
59262.105132	8430534820.000	0.005043	8049
59262.105144	8430534819.000	0.002904	8049
59262.105155	8430534819.000	0.003079	8049
59262.105167	8430534818.000	0.002239	8049
59262.105178	8430534816.000	0.003135	8049
59262.105190	8430534815.000	0.002845	8049
59262.105202	8430534815.000	0.003278	8049
59262.105213	8430534816.000	0.003383	8049
59262.105225	8430534815.000	0.002560	8049
59262.105236	8430534815.000	0.003523	8049
59262.105248	8430534814.000	0.004240	8049
59262.105259	8430534814.000	0.004095	8049
59262.105271	8430534813.000	0.003738	8049
59262.105283	8430534812.000	0.002553	8049
59262.105294	8430534812.000	0.002811	8049
59262.105306	8430534811.000	0.002763	8049
59262.105317	8430534810.000	0.002999	8049
59262.105329	8430534810.000	0.002872	8049
59262.105341	8430534810.000	0.002595	8049
59262.105352	8430534808.000	0.002960	8049
59262.105364	8430534808.000	0.003357	8049
59262.105375	8430534807.000	0.002775	8049
59262.105387	8430534807.000	0.003832	8049
59262.105398	8430534808.000	0.003067	8049
59262.105410	8430534807.000	0.002142	8049
59262.105421	8430534805.000	0.003313	8049
59262.105433	8430534805.000	0.003597	8049
59262.105445	8430534804.000	0.002998	8049
59262.105456	8430534803.000	0.003493	8049
59262.105468	8430534804.000	0.003214	8049
59262.105479	8430534802.000	0.003154	8049
59262.105491	8430534801.000	0.004286	8049
59262.105503	8430534801.000	0.002809	8049
59262.105514	8430534801.000	0.003186	8049
59262.105526	8430534800.000	0.003672	8049
59262.105537	8430534800.000	0.002582	8049
59262.105549	8430534799.000	0.003425	8049
59262.105560	8430534799.000	0.003005	8049
59262.105572	8430534798.000	0.002750	8049
59262.105583	8430534797.000	0.004671	8049
59262.105595	8430534796.000	0.003115	8049
59262.105607	8430534796.000	0.003227	8049
59262.105618	8430534796.000	0.002989	8049
59262.105630	8430534796.000	0.002949	8049
59262.105641	8430534795.000	0.003203	8049
59262.105653	8430534794.000	0.005356	8049
59262.105665	8430534793.000	0.004221	8049
59262.105676	8430534793.000	0.003260	8049
59262.105688	8430534793.000	0.002376	8049
59262.105699	8430534792.000	0.002423	8049
59262.105711	8430534792.000	0.003513	8049
59262.105722	8430534792.000	0.002945	8049
59262.105734	8430534791.000	0.003319	8049
59262.105746	8430534790.000	0.004306	8049
59262.105757	8430534788.000	0.003359	8049
59262.105769	8430534789.000	0.003697	8049
59262.105780	8430534788.000	0.004254	8049
59262.105792	8430534787.000	0.004953	8049
59262.105803	8430534786.000	0.003584	8049
59262.105815	8430534785.000	0.003427	8049
59262.105827	8430534785.000	0.003125	8049
59262.105838	8430534784.000	0.002987	8049
59262.105850	8430534784.000	0.002371	8049
59262.105861	8430534784.000	0.004342	8049
59262.105873	8430534784.000	0.002899	8049
59262.105884	8430534783.000	0.002138	8049
59262.105896	8430534783.000	0.003018	8049
59262.105908	8430534782.000	0.003997	8049
59262.105919	8430534781.000	0.004071	8049
59262.105931	8430534780.000	0.005711	8049
59262.105942	8430534780.000	0.004256	8049
59262.105954	8430534779.000	0.003491	8049
59262.105966	8430534779.000	0.004192	8049
59262.105977	8430534778.000	0.004811	8049
59262.105989	8430534777.000	0.004731	8049
59262.106000	8430534776.000	0.003687	8049
59262.106012	8430534777.000	0.003847	8049
59262.106023	8430534777.000	0.003947	8049
59262.106035	8430534776.000	0.002645	8049
59262.106047	8430534775.000	0.002871	8049
59262.106058	8430534774.000	0.002651	8049
59262.106070	8430534774.000	0.002327	8049
59262.106081	8430534773.000	0.002164	8049
59262.106093	8430534773.000	0.002351	8049
59262.106104	8430534771.000	0.003897	8049
59262.106116	8430534771.000	0.003491	8049
59262.106127	8430534770.000	0.003371	8049
59262.106139	8430534770.000	0.003292	8049
59262.106151	8430534770.000	0.002360	8049
59262.106162	8430534769.000	0.002299	8049
59262.106174	8430534768.000	0.003463	8049
59262.106185	8430534768.000	0.002744	8049
59262.106197	8430534767.000	0.002170	8049
59262.106208	8430534767.000	0.004392	8049
59262.106220	8430534767.000	0.004940	8049
59262.106232	8430534766.000	0.003304	8049
59262.106243	8430534765.000	0.003596	8049
59262.106255	8430534764.000	0.003511	8049
59262.106266	8430534764.000	0.002523	8049
59262.106278	8430534763.000	0.004363	8049
59262.106290	8430534763.000	0.002666	8049
59262.106301	8430534762.000	0.003232	8049
59262.106313	8430534761.000	0.003115	8049
59262.106324	8430534761.000	0.003475	8049
59262.106336	8430534760.000	0.003372	8049
59262.106347	8430534760.000	0.003379	8049
59262.106359	8430534759.000	0.003889	8049
59262.106371	8430534758.000	0.003063	8049
59262.106382	8430534758.000	0.003259	8049
59262.106394	8430534758.000	0.002959	8049
59262.106405	8430534757.000	0.004278	8049
59262.106417	8430534756.000	0.003863	8049
59262.106428	8430534755.000	0.003514	8049
59262.106440	8430534755.000	0.002408	8049
59262.106452	8430534754.000	0.002350	8049
59262.106463	8430534753.000	0.002985	8049
59262.106475	8430534753.000	0.003292	8049
59262.106486	8430534753.000	0.002964	8049
59262.106498	8430534753.000	0.003413	8049
59262.106509	8430534752.000	0.003175	8049
59262.106521	8430534752.000	0.002588	8049
59262.106533	8430534751.000	0.003000	8049
59262.106544	8430534750.000	0.003382	8049
59262.106556	8430534749.000	0.003459	8049
59262.106567	8430534748.000	0.004350	8049
59262.106579	8430534747.000	0.003284	8049
59262.106590	8430534747.000	0.004201	8049
59262.106602	8430534747.000	0.004891	8049
59262.106614	8430534747.000	0.002279	8049
59262.106625	8430534747.000	0.002778	8049
59262.106637	8430534746.000	0.002401	8049
59262.106648	8430534744.000	0.002394	8049
59262.106660	8430534744.000	0.003974	8049
59262.106672	8430534743.000	0.003200	8049
59262.106683	8430534743.000	0.002792	8049
59262.106695	8430534742.000	0.003368	8049
59262.106706	8430534742.000	0.002919	8049
59262.106718	8430534741.000	0.003056	8049
59262.106729	8430534741.000	0.002344	8049
59262.106741	8430534741.000	0.002754	8049
59262.106753	8430534741.000	0.002717	8049
59262.106764	8430534738.000	0.003426	8049
59262.106776	8430534739.000	0.003659	8049
59262.106787	8430534739.000	0.003510	8049
59262.106799	8430534738.000	0.003649	8049
59262.106810	8430534737.000	0.004789	8049
59262.106822	8430534736.000	0.003428	8049
59262.106833	8430534735.000	0.004396	8049
59262.106845	8430534735.000	0.002490	8049
59262.106857	8430534734.000	0.002496	8049
59262.106868	8430534733.000	0.003999	8049
59262.106880	8430534733.000	0.004183	8049
59262.106891	8430534733.000	0.004102	8049
59262.106903	8430534732.000	0.003678	8049
59262.106915	8430534732.000	0.002958	8049
59262.106926	8430534731.000	0.003304	8049
59262.106938	8430534731.000	0.003665	8049
59262.106949	8430534731.000	0.003360	8049
59262.106961	8430534730.000	0.002541	8049
59262.106973	8430534729.000	0.003852	8049
59262.106984	8430534728.000	0.002627	8049
59262.106996	8430534727.000	0.003911	8049
59262.107007	8430534727.000	0.003590	8049
59262.107019	8430534727.000	0.003270	8049
59262.107030	8430534726.000	0.003511	8049
59262.107042	8430534725.000	0.001831	8049
59262.107053	8430534725.000	0.002675	8049
59262.107065	8430534723.000	0.002058	8049
59262.107077	8430534724.000	0.004137	8049
59262.107088	8430534723.000	0.002044	8049
59262.107100	8430534722.000	0.002880	8049
59262.107111	8430534722.000	0.002465	8049
59262.107123	8430534722.000	0.002919	8049
59262.107134	8430534721.000	0.004076	8049
59262.107146	8430534720.000	0.003197	8049
59262.107158	8430534720.000	0.003134	8049
59262.107169	8430534719.000	0.004055	8049
59262.107181	8430534718.000	0.004885	8049
59262.107192	8430534717.000	0.003479	8049
59262.107204	8430534717.000	0.005665	8049
59262.107215	8430534716.000	0.003464	8049
59262.107227	8430534717.000	0.003111	8049
59262.107239	8430534716.000	0.003496	8049
59262.107250	8430534715.000	0.003403	8049
59262.107262	8430534714.000	0.003476	8049
59262.107274	8430534714.000	0.002831	8049
59262.107285	8430534712.000	0.003408	8049
59262.107297	8430534712.000	0.004634	8049
59262.107308	8430534712.000	0.004167	8049
59262.107320	8430534712.000	0.003429	8049
59262.107331	8430534712.000	0.002684	8049
59262.107343	8430534711.000	0.002858	8049
59262.107354	8430534709.000	0.003326	8049
59262.107366	8430534709.000	0.003013	8049
59262.107378	8430534709.000	0.003905	8049
59262.107389	8430534709.000	0.003434	8049
59262.107401	8430534708.000	0.004706	8049
59262.107412	8430534707.000	0.002517	8049
59262.107424	8430534707.000	0.002275	8049
59262.107435	8430534706.000	0.003036	8049
59262.107447	8430534705.000	0.003250	8049
59262.107458	8430534705.000	0.003548	8049
59262.107470	8430534704.000	0.003822	8049
59262.107482	8430534703.000	0.003626	8049
59262.107493	8430534703.000	0.002577	8049
59262.107505	8430534703.000	0.002121	8049
59262.107516	8430534701.000	0.003654	8049
59262.107528	8430534702.000	0.002514	8049
59262.107539	8430534701.000	0.004830	8049
59262.107551	8430534701.000	0.003371	8049
59262.107563	8430534699.000	0.002469	8049
59262.107574	8430534698.000	0.004210	8049
59262.107586	8430534698.000	0.002676	8049
59262.107597	8430534697.000	0.003487	8049
59262.107609	8430534697.000	0.001982	8049
59262.107621	8430534696.000	0.002703	8049
59262.107632	8430534695.000	0.004171	8049
59262.107644	8430534696.000	0.003801	8049
59262.107655	8430534695.000	0.003717	8049
59262.107667	8430534694.000	0.004223	8049
59262.107678	8430534694.000	0.003545	8049
59262.107690	8430534694.000	0.004004	8049
59262.107702	8430534694.000	0.004520	8049
59262.107713	8430534692.000	0.003370	8049
59262.107725	8430534692.000	0.003006	8049
59262.107736	8430534691.000	0.003651	8049
59262.107748	8430534690.000	0.002343	8049
59262.107759	8430534689.000	0.003372	8049
59262.107771	8430534690.000	0.003197	8049
59262.107783	8430534689.000	0.002239	8049
59262.107794	8430534688.000	0.003784	8049
59262.107806	8430534688.000	0.003334	8049
59262.107817	8430534687.000	0.002968	8049
59262.107829	8430534686.000	0.003386	8049
59262.107840	8430534685.000	0.002719	8049
59262.107852	8430534685.000	0.003918	8049
59262.107864	8430534684.000	0.001751	8049
59262.107875	8430534684.000	0.003893	8049
59262.107887	8430534683.000	0.002707	8049
59262.107898	8430534683.000	0.002448	8049
59262.107910	8430534682.000	0.003565	8049
59262.107922	8430534681.000	0.002439	8049
59262.107933	8430534681.000	0.004355	8049
59262.107945	8430534681.000	0.002756	8049
59262.107956	8430534680.000	0.005038	8049
59262.107968	8430534679.000	0.003679	8049
59262.107980	8430534680.000	0.003953	8049
59262.107991	8430534677.000	0.002266	8049
59262.108003	8430534678.000	0.004546	8049
59262.108014	8430534678.000	0.003579	8049
59262.108026	8430534678.000	0.002699	8049
59262.108037	8430534676.000	0.003751	8049
59262.108049	8430534676.000	0.002353	8049
59262.108060	8430534675.000	0.002527	8049
59262.108072	8430534675.000	0.003476	8049
59262.108084	8430534674.000	0.003654	8049
59262.108095	8430534673.000	0.003185	8049
59262.108107	8430534673.000	0.002888	8049
59262.108118	8430534673.000	0.004074	8049
59262.108130	8430534671.000	0.003285	8049
59262.108141	8430534670.000	0.002325	8049
59262.108153	8430534670.000	0.003295	8049
59262.108165	8430534669.000	0.004312	8049
59262.108176	8430534669.000	0.002108	8049
59262.108188	8430534669.000	0.003742	8049
59262.108199	8430534668.000	0.002924	8049
59262.108211	8430534668.000	0.003120	8049
59262.108222	8430534667.000	0.003831	8049
59262.108234	8430534666.000	0.002772	8049
59262.108246	8430534666.000	0.002904	8049
59262.108257	8430534665.000	0.003421	8049
59262.108269	8430534664.000	0.003695	8049
59262.108280	8430534664.000	0.003007	8049
59262.108292	8430534664.000	0.003317	8049
59262.108303	8430534664.000	0.003062	8049
59262.108315	8430534662.000	0.002366	8049
59262.108327	8430534662.000	0.003437	8049
59262.108338	8430534662.000	0.003677	8049
59262.108350	8430534663.000	0.004008	8049
59262.108361	8430534660.000	0.004824	8049
59262.108373	8430534660.000	0.003208	8049
59262.108384	8430534659.000	0.002747	8049
59262.108396	8430534658.000	0.004010	8049
59262.108408	8430534657.000	0.002671	8049
59262.108419	8430534657.000	0.002479	8049
59262.108431	8430534657.000	0.003051	8049
59262.108442	8430534656.000	0.004290	8049
59262.108454	8430534655.000	0.003009	8049
59262.108465	8430534655.000	0.003977	8049
59262.108477	8430534654.000	0.002076	8049
59262.108489	8430534654.000	0.003688	8049
59262.108500	8430534653.000	0.003109	8049
59262.108512	8430534653.000	0.005720	8049
59262.108523	8430534653.000	0.002663	8049
59262.108535	8430534651.000	0.003346	8049
59262.108546	8430534651.000	0.003462	8049
59262.108558	8430534649.000	0.001653	8049
59262.108570	8430534650.000	0.001953	8049
59262.108581	8430534649.000	0.002083	8049
59262.108593	8430534648.000	0.005259	8049
59262.108604	8430534648.000	0.003380	8049
59262.108616	8430534647.000	0.003665	8049
59262.108628	8430534647.000	0.003155	8049
59262.108639	8430534646.000	0.004296	8049
59262.108651	8430534647.000	0.002623	8049
59262.108662	8430534646.000	0.004387	8049
59262.108674	8430534645.000	0.002534	8049
59262.108685	8430534645.000	0.002271	8049
59262.108697	8430534645.000	0.003139	8049
59262.108709	8430534643.000	0.002415	8049
59262.108720	8430534643.000	0.004234	8049
59262.108732	8430534643.000	0.004201	8049
59262.108743	8430534642.000	0.004267	8049
59262.108755	8430534641.000	0.002600	8049
59262.108767	8430534641.000	0.003493	8049
59262.108778	8430534640.000	0.003425	8049
59262.108790	8430534638.000	0.002585	8049
59262.108801	8430534638.000	0.003352	8049
59262.108813	8430534637.000	0.003100	8049
59262.108824	8430534637.000	0.003202	8049
59262.108836	8430534636.000	0.001923	8049
59262.108847	8430534637.000	0.003949	8049
59262.108859	8430534636.000	0.004238	8049
59262.108870	8430534636.000	0.004305	8049
59262.108882	8430534635.000	0.003704	8049
59262.108894	8430534634.000	0.002695	8049
59262.108905	8430534634.000	0.002982	8049
59262.108917	8430534632.000	0.002557	8049
59262.108928	8430534632.000	0.003187	8049
59262.108940	8430534632.000	0.003792	8049
59262.108952	8430534631.000	0.003997	8049
59262.108963	8430534630.000	0.003140	8049
59262.108975	8430534629.000	0.003749	8049
59262.108987	8430534629.000	0.003599	8049
59262.108998	8430534628.000	0.002693	8049
59262.109009	8430534629.000	0.002799	8049
59262.109021	8430534628.000	0.002913	8049
59262.109033	8430534628.000	0.003348	8049
59262.109044	8430534627.000	0.003812	8049
59262.109056	8430534626.000	0.003906	8049
59262.109067	8430534625.000	0.005119	8049
59262.109079	8430534625.000	0.004055	8049
59262.109090	8430534624.000	0.003461	8049
59262.109102	8430534624.000	0.003170	8049
59262.109114	8430534623.000	0.003674	8049
59262.109125	8430534622.000	0.002416	8049
59262.109137	8430534622.000	0.002768	8049
59262.109148	8430534621.000	0.002382	8049
59262.109160	8430534621.000	0.003458	8049
59262.109171	8430534620.000	0.005001	8049
59262.109183	8430534619.000	0.002755	8049
59262.109195	8430534620.000	0.003532	8049
59262.109206	8430534619.000	0.002874	8049
59262.109218	8430534619.000	0.004388	8049
59262.109229	8430534619.000	0.002031	8049
59262.109241	8430534617.000	0.003765	8049
59262.109253	8430534617.000	0.002970	8049
59262.109264	8430534615.000	0.003340	8049
59262.109276	8430534614.000	0.002749	8049
59262.109287	8430534614.000	0.002776	8049
59262.109299	8430534614.000	0.001959	8049
59262.109310	8430534613.000	0.003707	8049
59262.109322	8430534613.000	0.003415	8049
59262.109334	8430534612.000	0.002482	8049
59262.109345	8430534612.000	0.004509	8049
59262.109357	8430534611.000	0.002336	8049
59262.109368	8430534610.000	0.002487	8049
59262.109380	8430534609.000	0.002204	8049
59262.109391	8430534609.000	0.003850	8049
59262.109403	8430534610.000	0.002590	8049
59262.109415	8430534609.000	0.002150	8049
59262.109426	8430534607.000	0.002840	8049
59262.109438	8430534607.000	0.003693	8049
59262.109449	8430534607.000	0.003059	8049
59262.109461	8430534606.000	0.002670	8049
59262.109472	8430534606.000	0.003551	8049
59262.109484	8430534605.000	0.002561	8049
59262.109496	8430534604.000	0.003925	8049
59262.109507	8430534604.000	0.003945	8049
59262.109519	8430534603.000	0.003670	8049
59262.109530	8430534603.000	0.003095	8049
59262.109542	8430534601.000	0.004318	8049
59262.109554	8430534601.000	0.002335	8049
59262.109565	8430534601.000	0.003337	8049
59262.109577	8430534601.000	0.002320	8049
59262.109588	8430534600.000	0.004265	8049
59262.109600	8430534599.000	0.004651	8049
59262.109611	8430534599.000	0.002313	8049
59262.109623	8430534598.000	0.003731	8049
59262.109635	8430534598.000	0.005116	8049
59262.109646	8430534597.000	0.003071	8049
59262.109658	8430534596.000	0.003864	8049
59262.109669	8430534596.000	0.003342	8049
59262.109681	8430534595.000	0.002999	8049
59262.109692	8430534595.000	0.005122	8049
59262.109704	8430534594.000	0.002990	8049
59262.109715	8430534594.000	0.003163	8049
59262.109727	8430534593.000	0.002976	8049
59262.109739	8430534592.000	0.002494	8049
59262.109750	8430534592.000	0.003168	8049
59262.109762	8430534591.000	0.002343	8049
59262.109773	8430534590.000	0.003591	8049
59262.109785	8430534591.000	0.001774	8049
59262.109796	8430534590.000	0.003132	8049
59262.109808	8430534588.000	0.002907	8049
59262.109820	8430534588.000	0.003658	8049
59262.109831	8430534588.000	0.001690	8049
59262.109843	8430534587.000	0.003024	8049
59262.109854	8430534587.000	0.003765	8049
59262.109866	8430534587.000	0.002266	8049
59262.109877	8430534585.000	0.004051	8049
59262.109889	8430534583.000	0.003692	8049
59262.109901	8430534584.000	0.003118	8049
59262.109912	8430534584.000	0.003446	8049
59262.109924	8430534583.000	0.003530	8049
59262.109936	8430534582.000	0.002624	8049
59262.109947	8430534583.000	0.003341	8049
59262.109959	8430534582.000	0.003660	8049
59262.109970	8430534581.000	0.002878	8049
59262.109982	8430534580.000	0.003254	8049
59262.109993	8430534580.000	0.003591	8049
59262.110005	8430534578.000	0.003476	8049
59262.110016	8430534579.000	0.002747	8049
59262.110028	8430534578.000	0.003654	8049
59262.110040	8430534577.000	0.002618	8049
59262.110051	8430534576.000	0.002659	8049
59262.110063	8430534576.000	0.004930	8049
59262.110074	8430534575.000	0.004125	8049
59262.110086	8430534575.000	0.002831	8049
59262.110097	8430534575.000	0.002437	8049
59262.110109	8430534575.000	0.002256	8049
59262.110121	8430534573.000	0.002936	8049
59262.110132	8430534573.000	0.003630	8049
59262.110144	8430534572.000	0.002521	8049
59262.110155	8430534572.000	0.003007	8049
59262.110167	8430534572.000	0.002050	8049
59262.110178	8430534571.000	0.004058	8049
59262.110190	8430534571.000	0.003975	8049
59262.110201	8430534571.000	0.003163	8049
59262.110213	8430534570.000	0.002637	8049
59262.110225	8430534569.000	0.003394	8049
59262.110236	8430534567.000	0.005379	8049
59262.110248	8430534567.000	0.002981	8049
59262.110260	8430534566.000	0.003226	8049
59262.110271	8430534566.000	0.003396	8049
59262.110283	8430534566.000	0.003504	8049
59262.110294	8430534565.000	0.003111	8049
59262.110306	8430534565.000	0.002802	8049
59262.110317	8430534564.000	0.004115	8049
59262.110329	8430534563.000	0.002564	8049
59262.110340	8430534563.000	0.003121	8049
59262.110352	8430534563.000	0.002874	8049
59262.110364	8430534561.000	0.005041	8049
59262.110375	8430534561.000	0.003836	8049
59262.110387	8430534561.000	0.003964	8049
59262.110398	8430534561.000	0.003233	8049
59262.110410	8430534558.000	0.004254	8049
59262.110421	8430534558.000	0.002956	8049
59262.110433	8430534558.000	0.003071	8049
59262.110445	8430534558.000	0.002657	8049
59262.110456	8430534557.000	0.003461	8049
59262.110468	8430534556.000	0.003028	8049
59262.110479	8430534556.000	0.003031	8049
59262.110491	8430534555.000	0.004147	8049
59262.110502	8430534555.000	0.003577	8049
59262.110514	8430534554.000	0.002256	8049
59262.110526	8430534555.000	0.001768	8049
59262.110537	8430534554.000	0.002693	8049
59262.110549	8430534553.000	0.002514	8049
59262.110560	8430534552.000	0.004397	8049
59262.110572	8430534552.000	0.002875	8049
59262.110584	8430534551.000	0.004075	8049
59262.110595	8430534549.000	0.002459	8049
59262.110607	8430534550.000	0.003593	8049
59262.110618	8430534548.000	0.003481	8049
59262.110630	8430534548.000	0.002403	8049
59262.110642	8430534547.000	0.003138	8049
59262.110653	8430534548.000	0.003077	8049
59262.110665	8430534548.000	0.001942	8049
59262.110676	8430534546.000	0.002878	8049
59262.110688	8430534545.000	0.004038	8049
59262.110699	8430534545.000	0.002714	8049
59262.110711	8430534544.000	0.004062	8049
59262.110722	8430534544.000	0.003724	8049
59262.110734	8430534544.000	0.003600	8049
59262.110746	8430534543.000	0.003841	8049
59262.110757	8430534543.000	0.004125	8049
59262.110769	8430534542.000	0.003957	8049
59262.110780	8430534541.000	0.002906	8049
59262.110792	8430534540.000	0.003599	8049
59262.110803	8430534539.000	0.001908	8049
59262.110815	8430534539.000	0.003090	8049
59262.110826	8430534540.000	0.002404	8049
59262.110838	8430534538.000	0.002718	8049
59262.110850	8430534538.000	0.004789	8049
59262.110861	8430534537.000	0.004088	8049
59262.110873	8430534536.000	0.002819	8049
59262.110885	8430534536.000	0.002505	8049
59262.110896	8430534534.000	0.002794	8049
59262.110908	8430534535.000	0.003240	8049
59262.110919	8430534534.000	0.003350	8049
59262.110931	8430534533.000	0.003468	8049
59262.110942	8430534534.000	0.004462	8049
59262.110954	8430534534.000	0.002488	8049
59262.110965	8430534532.000	0.003048	8049
59262.110977	8430534531.000	0.004409	8049
59262.110989	8430534531.000	0.003441	8049
59262.111000	8430534530.000	0.002275	8049
59262.111012	8430534529.000	0.002943	8049
59262.111023	8430534530.000	0.004478	8049
59262.111035	8430534529.000	0.002989	8049
59262.111046	8430534528.000	0.003102	8049
59262.111058	8430534528.000	0.003285	8049
59262.111070	8430534527.000	0.003484	8049
59262.111081	8430534526.000	0.004002	8049
59262.111093	8430534525.000	0.003822	8049
59262.111104	8430534525.000	0.003061	8049
59262.111116	8430534525.000	0.004111	8049
59262.111127	8430534525.000	0.002841	8049
59262.111139	8430534524.000	0.005026	8049
59262.111151	8430534523.000	0.002826	8049
59262.111162	8430534522.000	0.003234	8049
59262.111174	8430534522.000	0.003588	8049
59262.111185	8430534522.000	0.003383	8049
59262.111197	8430534521.000	0.004563	8049
59262.111209	8430534519.000	0.002569	8049
59262.111220	8430534519.000	0.002769	8049
59262.111232	8430534519.000	0.003314	8049
59262.111243	8430534519.000	0.002306	8049
59262.111255	8430534517.000	0.002735	8049
59262.111266	8430534517.000	0.003433	8049
59262.111278	8430534517.000	0.003653	8049
59262.111290	8430534516.000	0.004068	8049
59262.111301	8430534516.000	0.003413	8049
59262.111313	8430534515.000	0.002750	8049
59262.111324	8430534515.000	0.004117	8049
59262.111336	8430534514.000	0.003215	8049
59262.111347	8430534513.000	0.004175	8049
59262.111359	8430534512.000	0.002540	8049
59262.111371	8430534513.000	0.001820	8049
59262.111382	8430534512.000	0.002542	8049
59262.111394	8430534512.000	0.003889	8049
59262.111405	8430534510.000	0.003358	8049
59262.111417	8430534509.000	0.002860	8049
59262.111428	8430534508.000	0.002290	8049
59262.111440	8430534509.000	0.002089	8049
59262.111452	8430534508.000	0.003681	8049
59262.111463	8430534508.000	0.004003	8049
59262.111475	8430534507.000	0.003981	8049
59262.111486	8430534507.000	0.002556	8049
59262.111498	8430534506.000	0.003278	8049
59262.111509	8430534505.000	0.002856	8049
59262.111521	8430534503.000	0.002504	8049
59262.111533	8430534504.000	0.004037	8049
59262.111544	8430534504.000	0.003065	8049
59262.111556	8430534502.000	0.001786	8049
59262.111567	8430534502.000	0.002726	8049
59262.111579	8430534502.000	0.004097	8049
59262.111591	8430534501.000	0.004048	8049
59262.111602	8430534500.000	0.002466	8049
59262.111614	8430534499.000	0.002539	8049
59262.111625	8430534498.000	0.002317	8049
59262.111637	8430534498.000	0.002975	8049
59262.111648	8430534499.000	0.003008	8049
59262.111660	8430534497.000	0.002169	8049
59262.111671	8430534497.000	0.004041	8049
59262.111683	8430534497.000	0.002077	8049
59262.111695	8430534496.000	0.002785	8049
59262.111706	8430534496.000	0.003683	8049
59262.111718	8430534494.000	0.002309	8049
59262.111729	8430534495.000	0.001946	8049
59262.111741	8430534494.000	0.002980	8049
59262.111752	8430534493.000	0.003855	8049
59262.111764	8430534493.000	0.002290	8049
59262.111776	8430534492.000	0.003131	8049
59262.111787	8430534491.000	0.003023	8049
59262.111799	8430534492.000	0.002292	8049
59262.111810	8430534489.000	0.002008	8049
59262.111822	8430534489.000	0.002991	8049
59262.111833	8430534489.000	0.003417	8049
