59251.117662	8430474900.000	0.002569	8049
59251.117674	8430474900.000	0.004172	8049
59251.117685	8430474899.000	0.005637	8049
59251.117697	8430474899.000	0.003519	8049
59251.117708	8430474899.000	0.004250	8049
59251.117720	8430474897.000	0.003030	8049
59251.117731	8430474898.000	0.004079	8049
59251.117743	8430474897.000	0.002330	8049
59251.117755	8430474896.000	0.005024	8049
59251.117766	8430474895.000	0.005037	8049
59251.117778	8430474896.000	0.002920	8049
59251.117789	8430474894.000	0.003601	8049
59251.117801	8430474894.000	0.005066	8049
59251.117812	8430474894.000	0.003926	8049
59251.117824	8430474892.000	0.002893	8049
59251.117836	8430474892.000	0.004338	8049
59251.117847	8430474891.000	0.004984	8049
59251.117859	8430474890.000	0.003963	8049
59251.117870	8430474890.000	0.004756	8049
59251.117882	8430474889.000	0.004245	8049
59251.117894	8430474889.000	0.002656	8049
59251.117905	8430474888.000	0.005640	8049
59251.117917	8430474887.000	0.005470	8049
59251.117928	8430474888.000	0.003488	8049
59251.117940	8430474887.000	0.003415	8049
59251.117951	8430474886.000	0.004944	8049
59251.117963	8430474886.000	0.003868	8049
59251.117975	8430474884.000	0.004041	8049
59251.117986	8430474885.000	0.003543	8049
59251.117998	8430474884.000	0.004257	8049
59251.118009	8430474883.000	0.003903	8049
59251.118021	8430474884.000	0.004594	8049
59251.118032	8430474882.000	0.004113	8049
59251.118044	8430474881.000	0.004249	8049
59251.118055	8430474881.000	0.003258	8049
59251.118067	8430474879.000	0.002784	8049
59251.118079	8430474880.000	0.002367	8049
59251.118090	8430474879.000	0.004425	8049
59251.118102	8430474879.000	0.004935	8049
59251.118113	8430474878.000	0.003364	8049
59251.118125	8430474878.000	0.003729	8049
59251.118136	8430474878.000	0.004117	8049
59251.118148	8430474877.000	0.003168	8049
59251.118160	8430474875.000	0.003968	8049
59251.118172	8430474875.000	0.004881	8049
59251.118183	8430474875.000	0.003536	8049
59251.118195	8430474874.000	0.003384	8049
59251.118206	8430474873.000	0.003226	8049
59251.118218	8430474873.000	0.004131	8049
59251.118229	8430474873.000	0.004272	8049
59251.118241	8430474872.000	0.003985	8049
59251.118252	8430474870.000	0.005177	8049
59251.118264	8430474871.000	0.002886	8049
59251.118275	8430474870.000	0.002914	8049
59251.118287	8430474869.000	0.003997	8049
59251.118299	8430474869.000	0.006232	8049
59251.118310	8430474868.000	0.004487	8049
59251.118322	8430474868.000	0.004335	8049
59251.118333	8430474868.000	0.003741	8049
59251.118345	8430474867.000	0.006759	8049
59251.118356	8430474867.000	0.003740	8049
59251.118368	8430474865.000	0.005240	8049
59251.118380	8430474865.000	0.004221	8049
59251.118391	8430474864.000	0.004287	8049
59251.118403	8430474864.000	0.004114	8049
59251.118414	8430474864.000	0.003607	8049
59251.118426	8430474863.000	0.003790	8049
59251.118437	8430474862.000	0.002955	8049
59251.118449	8430474860.000	0.004162	8049
59251.118461	8430474860.000	0.003399	8049
59251.118472	8430474860.000	0.003815	8049
59251.118484	8430474860.000	0.003176	8049
59251.118495	8430474860.000	0.002850	8049
59251.118507	8430474858.000	0.004653	8049
59251.118519	8430474858.000	0.003882	8049
59251.118530	8430474858.000	0.003950	8049
59251.118542	8430474857.000	0.005376	8049
59251.118553	8430474857.000	0.005354	8049
59251.118565	8430474857.000	0.003304	8049
59251.118576	8430474855.000	0.003218	8049
59251.118588	8430474854.000	0.004265	8049
59251.118600	8430474854.000	0.002764	8049
59251.118611	8430474853.000	0.002901	8049
59251.118623	8430474854.000	0.005014	8049
59251.118634	8430474853.000	0.002319	8049
59251.118646	8430474852.000	0.005784	8049
59251.118657	8430474852.000	0.004874	8049
59251.118669	8430474851.000	0.003876	8049
59251.118681	8430474850.000	0.003037	8049
59251.118692	8430474849.000	0.004810	8049
59251.118704	8430474848.000	0.004879	8049
59251.118715	8430474848.000	0.003710	8049
59251.118727	8430474847.000	0.004918	8049
59251.118738	8430474847.000	0.004204	8049
59251.118750	8430474845.000	0.005528	8049
59251.118761	8430474845.000	0.002933	8049
59251.118773	8430474845.000	0.004628	8049
59251.118785	8430474845.000	0.004000	8049
59251.118796	8430474845.000	0.005140	8049
59251.118808	8430474844.000	0.004192	8049
59251.118819	8430474843.000	0.004026	8049
59251.118831	8430474843.000	0.004711	8049
59251.118843	8430474841.000	0.005113	8049
59251.118854	8430474841.000	0.003208	8049
59251.118866	8430474841.000	0.004219	8049
59251.118877	8430474839.000	0.004020	8049
59251.118889	8430474838.000	0.003006	8049
59251.118900	8430474839.000	0.004545	8049
59251.118912	8430474838.000	0.004547	8049
59251.118924	8430474837.000	0.003722	8049
59251.118935	8430474836.000	0.003654	8049
59251.118947	8430474836.000	0.004165	8049
59251.118958	8430474835.000	0.005057	8049
59251.118970	8430474836.000	0.002733	8049
59251.118982	8430474835.000	0.003754	8049
59251.118993	8430474835.000	0.003240	8049
59251.119005	8430474835.000	0.002717	8049
59251.119016	8430474834.000	0.002115	8049
59251.119028	8430474834.000	0.005201	8049
59251.119039	8430474833.000	0.004065	8049
59251.119051	8430474832.000	0.004390	8049
59251.119063	8430474832.000	0.004155	8049
59251.119074	8430474830.000	0.003056	8049
59251.119086	8430474830.000	0.004935	8049
59251.119097	8430474829.000	0.005133	8049
59251.119109	8430474829.000	0.003874	8049
59251.119120	8430474828.000	0.001963	8049
59251.119132	8430474827.000	0.005422	8049
59251.119144	8430474827.000	0.004095	8049
59251.119155	8430474826.000	0.004222	8049
59251.119167	8430474826.000	0.004138	8049
59251.119178	8430474826.000	0.003015	8049
59251.119190	8430474824.000	0.003736	8049
59251.119202	8430474824.000	0.003812	8049
59251.119213	8430474823.000	0.003690	8049
59251.119225	8430474823.000	0.004568	8049
59251.119236	8430474822.000	0.004087	8049
59251.119248	8430474822.000	0.003469	8049
59251.119259	8430474821.000	0.003831	8049
59251.119271	8430474821.000	0.003265	8049
59251.119282	8430474820.000	0.004280	8049
59251.119294	8430474819.000	0.002612	8049
59251.119306	8430474819.000	0.004412	8049
59251.119317	8430474818.000	0.004201	8049
59251.119329	8430474817.000	0.004394	8049
59251.119340	8430474816.000	0.004425	8049
59251.119352	8430474816.000	0.004338	8049
59251.119363	8430474816.000	0.003290	8049
59251.119375	8430474815.000	0.003572	8049
59251.119387	8430474815.000	0.004558	8049
59251.119398	8430474815.000	0.004972	8049
59251.119410	8430474814.000	0.004200	8049
59251.119421	8430474813.000	0.004312	8049
59251.119433	8430474812.000	0.004878	8049
59251.119444	8430474812.000	0.003356	8049
59251.119456	8430474812.000	0.003142	8049
59251.119467	8430474811.000	0.005295	8049
59251.119479	8430474811.000	0.004488	8049
59251.119491	8430474810.000	0.004875	8049
59251.119502	8430474809.000	0.004919	8049
59251.119514	8430474808.000	0.004793	8049
59251.119526	8430474807.000	0.004348	8049
59251.119537	8430474807.000	0.002783	8049
59251.119549	8430474806.000	0.004756	8049
59251.119560	8430474804.000	0.003022	8049
59251.119572	8430474805.000	0.005449	8049
59251.119583	8430474805.000	0.003499	8049
59251.119595	8430474804.000	0.003859	8049
59251.119606	8430474804.000	0.004131	8049
59251.119618	8430474803.000	0.004193	8049
59251.119630	8430474802.000	0.003873	8049
59251.119641	8430474802.000	0.004511	8049
59251.119653	8430474803.000	0.004378	8049
59251.119664	8430474802.000	0.004115	8049
59251.119676	8430474801.000	0.003622	8049
59251.119687	8430474800.000	0.003720	8049
59251.119699	8430474800.000	0.005515	8049
59251.119711	8430474799.000	0.003428	8049
59251.119722	8430474798.000	0.005386	8049
59251.119734	8430474798.000	0.004743	8049
59251.119745	8430474796.000	0.003167	8049
59251.119757	8430474797.000	0.004004	8049
59251.119768	8430474796.000	0.003951	8049
59251.119780	8430474795.000	0.002810	8049
59251.119792	8430474795.000	0.003671	8049
59251.119803	8430474794.000	0.003997	8049
59251.119815	8430474794.000	0.005072	8049
59251.119827	8430474793.000	0.004711	8049
59251.119838	8430474792.000	0.005248	8049
59251.119850	8430474792.000	0.002974	8049
59251.119861	8430474791.000	0.003650	8049
59251.119873	8430474791.000	0.004207	8049
59251.119884	8430474790.000	0.003536	8049
59251.119896	8430474790.000	0.003966	8049
59251.119907	8430474789.000	0.003311	8049
59251.119919	8430474789.000	0.005140	8049
59251.119931	8430474789.000	0.004401	8049
59251.119942	8430474788.000	0.004183	8049
59251.119954	8430474786.000	0.006600	8049
59251.119965	8430474786.000	0.003612	8049
59251.119977	8430474785.000	0.003967	8049
59251.119988	8430474785.000	0.004187	8049
59251.120000	8430474784.000	0.005040	8049
59251.120012	8430474784.000	0.005892	8049
59251.120023	8430474784.000	0.004308	8049
59251.120035	8430474782.000	0.005064	8049
59251.120046	8430474782.000	0.006104	8049
59251.120058	8430474781.000	0.004176	8049
59251.120069	8430474781.000	0.003092	8049
59251.120081	8430474779.000	0.005126	8049
59251.120093	8430474779.000	0.003866	8049
59251.120104	8430474779.000	0.003686	8049
59251.120116	8430474779.000	0.005716	8049
59251.120127	8430474779.000	0.003927	8049
59251.120139	8430474778.000	0.004389	8049
59251.120151	8430474778.000	0.003392	8049
59251.120162	8430474776.000	0.004136	8049
59251.120174	8430474776.000	0.003510	8049
59251.120185	8430474776.000	0.004533	8049
59251.120197	8430474774.000	0.002776	8049
59251.120208	8430474775.000	0.003910	8049
59251.120220	8430474774.000	0.002645	8049
59251.120232	8430474773.000	0.004650	8049
59251.120243	8430474773.000	0.004266	8049
59251.120255	8430474772.000	0.004068	8049
59251.120266	8430474772.000	0.004688	8049
59251.120278	8430474771.000	0.003462	8049
59251.120289	8430474770.000	0.003323	8049
59251.120301	8430474770.000	0.003082	8049
59251.120312	8430474769.000	0.004459	8049
59251.120324	8430474769.000	0.004778	8049
59251.120336	8430474768.000	0.003424	8049
59251.120347	8430474766.000	0.003441	8049
59251.120359	8430474766.000	0.004670	8049
59251.120370	8430474766.000	0.004357	8049
59251.120382	8430474766.000	0.003901	8049
59251.120393	8430474765.000	0.005164	8049
59251.120405	8430474765.000	0.006144	8049
59251.120417	8430474763.000	0.004058	8049
59251.120428	8430474763.000	0.004383	8049
59251.120440	8430474763.000	0.003920	8049
59251.120451	8430474762.000	0.005769	8049
59251.120463	8430474761.000	0.004900	8049
59251.120475	8430474760.000	0.003516	8049
59251.120486	8430474760.000	0.003679	8049
59251.120498	8430474759.000	0.003735	8049
59251.120509	8430474759.000	0.003314	8049
59251.120521	8430474759.000	0.005219	8049
59251.120532	8430474757.000	0.003459	8049
59251.120544	8430474757.000	0.004229	8049
59251.120556	8430474757.000	0.003440	8049
59251.120567	8430474757.000	0.005344	8049
59251.120579	8430474756.000	0.003298	8049
59251.120590	8430474755.000	0.005084	8049
59251.120602	8430474754.000	0.005349	8049
59251.120613	8430474754.000	0.004722	8049
59251.120625	8430474754.000	0.003738	8049
59251.120637	8430474753.000	0.003463	8049
59251.120648	8430474753.000	0.004958	8049
59251.120660	8430474750.000	0.003008	8049
59251.120671	8430474752.000	0.004325	8049
59251.120683	8430474751.000	0.003944	8049
59251.120694	8430474751.000	0.004071	8049
59251.120706	8430474749.000	0.003909	8049
59251.120718	8430474750.000	0.003676	8049
59251.120729	8430474749.000	0.004052	8049
59251.120741	8430474747.000	0.003753	8049
59251.120752	8430474748.000	0.004952	8049
59251.120764	8430474746.000	0.003721	8049
59251.120775	8430474747.000	0.003434	8049
59251.120787	8430474746.000	0.003298	8049
59251.120799	8430474745.000	0.004096	8049
59251.120810	8430474745.000	0.004180	8049
59251.120822	8430474743.000	0.004938	8049
59251.120833	8430474744.000	0.004415	8049
59251.120845	8430474742.000	0.005185	8049
59251.120857	8430474742.000	0.003451	8049
59251.120868	8430474741.000	0.003656	8049
59251.120880	8430474740.000	0.004378	8049
59251.120891	8430474740.000	0.004745	8049
59251.120903	8430474740.000	0.004198	8049
59251.120914	8430474739.000	0.003689	8049
59251.120926	8430474738.000	0.004919	8049
59251.120938	8430474737.000	0.003908	8049
59251.120949	8430474737.000	0.003801	8049
59251.120961	8430474737.000	0.004510	8049
59251.120972	8430474736.000	0.002699	8049
59251.120984	8430474736.000	0.004453	8049
59251.120995	8430474735.000	0.003256	8049
59251.121007	8430474734.000	0.005499	8049
59251.121018	8430474733.000	0.003605	8049
59251.121030	8430474733.000	0.005062	8049
59251.121042	8430474733.000	0.005323	8049
59251.121053	8430474732.000	0.005690	8049
59251.121065	8430474732.000	0.004994	8049
59251.121076	8430474732.000	0.004435	8049
59251.121088	8430474730.000	0.004519	8049
59251.121099	8430474730.000	0.004021	8049
59251.121111	8430474729.000	0.004657	8049
59251.121123	8430474729.000	0.004891	8049
59251.121134	8430474727.000	0.003365	8049
59251.121146	8430474728.000	0.004325	8049
59251.121157	8430474727.000	0.003508	8049
59251.121169	8430474726.000	0.005946	8049
59251.121181	8430474726.000	0.005335	8049
59251.121192	8430474725.000	0.003472	8049
59251.121204	8430474725.000	0.005128	8049
59251.121215	8430474724.000	0.005271	8049
59251.121227	8430474724.000	0.004460	8049
59251.121239	8430474723.000	0.006111	8049
59251.121250	8430474723.000	0.004654	8049
59251.121262	8430474722.000	0.004446	8049
59251.121273	8430474722.000	0.003996	8049
59251.121285	8430474719.000	0.002972	8049
59251.121296	8430474721.000	0.004221	8049
59251.121308	8430474719.000	0.003602	8049
59251.121319	8430474718.000	0.002593	8049
59251.121331	8430474718.000	0.003462	8049
59251.121343	8430474717.000	0.002887	8049
59251.121354	8430474717.000	0.004484	8049
59251.121366	8430474717.000	0.004445	8049
59251.121377	8430474716.000	0.004835	8049
59251.121389	8430474716.000	0.004508	8049
59251.121400	8430474715.000	0.003896	8049
59251.121412	8430474715.000	0.002317	8049
59251.121424	8430474714.000	0.005459	8049
59251.121435	8430474714.000	0.004835	8049
59251.121447	8430474713.000	0.004468	8049
59251.121458	8430474712.000	0.005108	8049
59251.121470	8430474713.000	0.003444	8049
59251.121482	8430474711.000	0.003428	8049
59251.121493	8430474710.000	0.004639	8049
59251.121505	8430474710.000	0.005130	8049
59251.121516	8430474710.000	0.004743	8049
59251.121528	8430474709.000	0.004558	8049
59251.121539	8430474708.000	0.004330	8049
59251.121551	8430474708.000	0.003488	8049
59251.121563	8430474707.000	0.004042	8049
59251.121574	8430474707.000	0.003902	8049
59251.121586	8430474706.000	0.004020	8049
59251.121597	8430474706.000	0.004786	8049
59251.121609	8430474705.000	0.003646	8049
59251.121620	8430474704.000	0.003381	8049
59251.121632	8430474703.000	0.005549	8049
59251.121644	8430474703.000	0.003454	8049
59251.121655	8430474702.000	0.005499	8049
59251.121667	8430474702.000	0.002754	8049
59251.121678	8430474702.000	0.004759	8049
59251.121690	8430474701.000	0.004288	8049
59251.121701	8430474700.000	0.003447	8049
59251.121713	8430474699.000	0.004790	8049
59251.121724	8430474699.000	0.003766	8049
59251.121736	8430474699.000	0.003793	8049
59251.121748	8430474698.000	0.003999	8049
59251.121759	8430474697.000	0.004023	8049
59251.121771	8430474696.000	0.004316	8049
59251.121782	8430474696.000	0.003304	8049
59251.121794	8430474695.000	0.003205	8049
59251.121806	8430474695.000	0.004841	8049
59251.121817	8430474695.000	0.003430	8049
59251.121829	8430474694.000	0.004174	8049
59251.121840	8430474694.000	0.004031	8049
59251.121852	8430474693.000	0.005311	8049
59251.121864	8430474691.000	0.002816	8049
59251.121875	8430474691.000	0.003682	8049
59251.121887	8430474690.000	0.004882	8049
59251.121898	8430474691.000	0.003316	8049
59251.121910	8430474691.000	0.003325	8049
59251.121921	8430474690.000	0.003734	8049
59251.121933	8430474689.000	0.004618	8049
59251.121944	8430474688.000	0.002906	8049
59251.121956	8430474687.000	0.004624	8049
59251.121968	8430474687.000	0.003825	8049
59251.121979	8430474686.000	0.005362	8049
59251.121991	8430474687.000	0.003469	8049
59251.122002	8430474687.000	0.004909	8049
59251.122014	8430474685.000	0.004659	8049
59251.122025	8430474685.000	0.003907	8049
59251.122037	8430474684.000	0.003658	8049
59251.122049	8430474683.000	0.004709	8049
59251.122060	8430474682.000	0.003623	8049
59251.122072	8430474681.000	0.003326	8049
59251.122083	8430474681.000	0.006306	8049
59251.122095	8430474680.000	0.004664	8049
59251.122106	8430474679.000	0.004958	8049
59251.122118	8430474678.000	0.003705	8049
59251.122130	8430474678.000	0.004232	8049
59251.122141	8430474677.000	0.004503	8049
59251.122153	8430474677.000	0.003129	8049
59251.122164	8430474676.000	0.005008	8049
59251.122176	8430474677.000	0.003587	8049
59251.122188	8430474676.000	0.004171	8049
59251.122199	8430474677.000	0.003331	8049
59251.122211	8430474676.000	0.004314	8049
59251.122222	8430474675.000	0.003594	8049
59251.122234	8430474674.000	0.003193	8049
59251.122245	8430474673.000	0.004909	8049
59251.122257	8430474673.000	0.004797	8049
59251.122269	8430474673.000	0.004051	8049
59251.122280	8430474672.000	0.004005	8049
59251.122292	8430474672.000	0.002912	8049
59251.122303	8430474670.000	0.004765	8049
59251.122315	8430474670.000	0.003068	8049
59251.122326	8430474669.000	0.004084	8049
59251.122338	8430474669.000	0.003714	8049
59251.122349	8430474668.000	0.003069	8049
59251.122361	8430474668.000	0.004443	8049
59251.122373	8430474667.000	0.005181	8049
59251.122384	8430474666.000	0.004471	8049
59251.122396	8430474665.000	0.002477	8049
59251.122407	8430474666.000	0.003945	8049
59251.122419	8430474665.000	0.004165	8049
59251.122430	8430474664.000	0.002424	8049
59251.122442	8430474664.000	0.005514	8049
59251.122454	8430474664.000	0.004380	8049
59251.122465	8430474663.000	0.002879	8049
59251.122477	8430474662.000	0.003193	8049
59251.122488	8430474661.000	0.004281	8049
59251.122500	8430474660.000	0.003797	8049
59251.122512	8430474659.000	0.005067	8049
59251.122523	8430474659.000	0.005591	8049
59251.122535	8430474658.000	0.006715	8049
59251.122546	8430474658.000	0.004436	8049
59251.122558	8430474658.000	0.003637	8049
59251.122569	8430474657.000	0.003195	8049
59251.122581	8430474656.000	0.005863	8049
59251.122593	8430474656.000	0.004302	8049
59251.122604	8430474656.000	0.003566	8049
59251.122616	8430474655.000	0.003739	8049
59251.122627	8430474654.000	0.003131	8049
59251.122639	8430474654.000	0.005169	8049
59251.122650	8430474653.000	0.003244	8049
59251.122662	8430474652.000	0.005061	8049
59251.122674	8430474652.000	0.004683	8049
59251.122685	8430474652.000	0.003154	8049
59251.122697	8430474651.000	0.004653	8049
59251.122708	8430474651.000	0.003460	8049
59251.122720	8430474650.000	0.003678	8049
59251.122731	8430474649.000	0.003739	8049
59251.122743	8430474648.000	0.003702	8049
59251.122755	8430474648.000	0.002895	8049
59251.122766	8430474648.000	0.005030	8049
59251.122778	8430474647.000	0.004324	8049
59251.122789	8430474646.000	0.004661	8049
59251.122801	8430474646.000	0.003959	8049
59251.122813	8430474645.000	0.005298	8049
59251.122824	8430474644.000	0.002823	8049
59251.122836	8430474643.000	0.004069	8049
59251.122847	8430474644.000	0.004512	8049
59251.122859	8430474643.000	0.004216	8049
59251.122870	8430474643.000	0.005070	8049
59251.122882	8430474642.000	0.004204	8049
59251.122894	8430474642.000	0.003806	8049
59251.122905	8430474640.000	0.005862	8049
59251.122917	8430474639.000	0.002652	8049
59251.122928	8430474639.000	0.003289	8049
59251.122940	8430474638.000	0.003968	8049
59251.122951	8430474638.000	0.004978	8049
59251.122963	8430474638.000	0.003960	8049
59251.122975	8430474638.000	0.004153	8049
59251.122986	8430474637.000	0.003648	8049
59251.122998	8430474637.000	0.003759	8049
59251.123009	8430474636.000	0.004406	8049
59251.123021	8430474634.000	0.004173	8049
59251.123032	8430474635.000	0.003598	8049
59251.123044	8430474634.000	0.005461	8049
59251.123055	8430474634.000	0.004151	8049
59251.123067	8430474633.000	0.004560	8049
59251.123079	8430474632.000	0.003430	8049
59251.123090	8430474632.000	0.003939	8049
59251.123102	8430474630.000	0.002720	8049
59251.123113	8430474630.000	0.006471	8049
59251.123125	8430474630.000	0.003336	8049
59251.123137	8430474628.000	0.004740	8049
59251.123148	8430474628.000	0.004437	8049
59251.123160	8430474627.000	0.003153	8049
59251.123171	8430474627.000	0.004710	8049
59251.123183	8430474626.000	0.002620	8049
59251.123194	8430474626.000	0.004033	8049
59251.123206	8430474625.000	0.003767	8049
59251.123218	8430474625.000	0.002709	8049
59251.123229	8430474625.000	0.004209	8049
59251.123241	8430474625.000	0.004788	8049
59251.123252	8430474623.000	0.003980	8049
59251.123264	8430474624.000	0.002634	8049
59251.123275	8430474622.000	0.004461	8049
59251.123287	8430474622.000	0.004373	8049
59251.123299	8430474621.000	0.004139	8049
59251.123310	8430474620.000	0.004668	8049
59251.123322	8430474619.000	0.003736	8049
59251.123333	8430474619.000	0.005078	8049
59251.123345	8430474618.000	0.005088	8049
59251.123356	8430474618.000	0.003158	8049
59251.123368	8430474618.000	0.004911	8049
59251.123380	8430474616.000	0.003569	8049
59251.123391	8430474617.000	0.004396	8049
59251.123403	8430474616.000	0.004692	8049
59251.123414	8430474616.000	0.004112	8049
59251.123426	8430474614.000	0.004144	8049
59251.123438	8430474614.000	0.003474	8049
59251.123449	8430474614.000	0.005087	8049
59251.123461	8430474613.000	0.002603	8049
59251.123472	8430474614.000	0.003680	8049
59251.123484	8430474612.000	0.005235	8049
59251.123495	8430474612.000	0.002599	8049
59251.123507	8430474611.000	0.003122	8049
59251.123519	8430474611.000	0.003381	8049
59251.123530	8430474609.000	0.002385	8049
59251.123542	8430474608.000	0.002324	8049
59251.123553	8430474608.000	0.004352	8049
59251.123565	8430474609.000	0.003594	8049
59251.123576	8430474608.000	0.005063	8049
59251.123588	8430474607.000	0.003375	8049
59251.123600	8430474606.000	0.005724	8049
59251.123611	8430474605.000	0.004490	8049
59251.123623	8430474605.000	0.003378	8049
59251.123634	8430474604.000	0.004620	8049
59251.123646	8430474605.000	0.003016	8049
59251.123657	8430474603.000	0.004418	8049
59251.123669	8430474604.000	0.003661	8049
59251.123681	8430474603.000	0.004068	8049
59251.123692	8430474601.000	0.002772	8049
59251.123704	8430474602.000	0.003703	8049
59251.123715	8430474601.000	0.004141	8049
59251.123727	8430474600.000	0.003343	8049
59251.123738	8430474599.000	0.004772	8049
59251.123750	8430474599.000	0.003325	8049
59251.123761	8430474598.000	0.004380	8049
59251.123773	8430474598.000	0.003344	8049
59251.123785	8430474598.000	0.004776	8049
59251.123796	8430474597.000	0.004735	8049
59251.123808	8430474597.000	0.004668	8049
59251.123820	8430474595.000	0.003934	8049
59251.123831	8430474595.000	0.004061	8049
59251.123843	8430474595.000	0.004005	8049
59251.123854	8430474594.000	0.004080	8049
59251.123866	8430474593.000	0.004569	8049
59251.123877	8430474592.000	0.003530	8049
59251.123889	8430474591.000	0.004465	8049
59251.123901	8430474591.000	0.003790	8049
59251.123912	8430474591.000	0.004126	8049
59251.123924	8430474591.000	0.004442	8049
59251.123935	8430474589.000	0.002560	8049
59251.123947	8430474590.000	0.003382	8049
59251.123958	8430474587.000	0.002337	8049
59251.123970	8430474588.000	0.004243	8049
59251.123982	8430474588.000	0.003153	8049
59251.123993	8430474587.000	0.002744	8049
59251.124005	8430474587.000	0.002211	8049
59251.124016	8430474586.000	0.005250	8049
59251.124028	8430474586.000	0.003436	8049
59251.124039	8430474586.000	0.003841	8049
59251.124051	8430474584.000	0.003075	8049
59251.124062	8430474583.000	0.003981	8049
59251.124074	8430474584.000	0.002957	8049
59251.124086	8430474582.000	0.004778	8049
59251.124097	8430474582.000	0.003739	8049
59251.124109	8430474582.000	0.003052	8049
59251.124121	8430474580.000	0.003382	8049
59251.124132	8430474579.000	0.004307	8049
59251.124144	8430474580.000	0.004201	8049
59251.124155	8430474579.000	0.003456	8049
59251.124167	8430474578.000	0.004624	8049
59251.124178	8430474578.000	0.003011	8049
59251.124190	8430474578.000	0.003830	8049
59251.124201	8430474576.000	0.002429	8049
59251.124213	8430474576.000	0.004813	8049
59251.124225	8430474575.000	0.004316	8049
59251.124236	8430474574.000	0.002891	8049
59251.124248	8430474574.000	0.003554	8049
59251.124259	8430474575.000	0.002963	8049
59251.124271	8430474573.000	0.004777	8049
59251.124282	8430474573.000	0.004746	8049
59251.124294	8430474571.000	0.005778	8049
59251.124306	8430474572.000	0.004610	8049
59251.124317	8430474571.000	0.004118	8049
59251.124329	8430474571.000	0.004979	8049
59251.124340	8430474571.000	0.004012	8049
59251.124352	8430474571.000	0.003422	8049
59251.124363	8430474568.000	0.003618	8049
59251.124375	8430474568.000	0.004316	8049
59251.124387	8430474568.000	0.004219	8049
59251.124398	8430474567.000	0.004990	8049
59251.124410	8430474566.000	0.005870	8049
59251.124422	8430474566.000	0.006535	8049
59251.124433	8430474566.000	0.004425	8049
59251.124445	8430474565.000	0.004077	8049
59251.124456	8430474565.000	0.003634	8049
59251.124468	8430474563.000	0.005212	8049
59251.124479	8430474563.000	0.002974	8049
59251.124491	8430474562.000	0.002952	8049
59251.124502	8430474562.000	0.003799	8049
59251.124514	8430474562.000	0.006212	8049
59251.124525	8430474561.000	0.004685	8049
59251.124537	8430474560.000	0.003335	8049
59251.124549	8430474560.000	0.005392	8049
59251.124560	8430474559.000	0.003485	8049
59251.124572	8430474558.000	0.005171	8049
59251.124583	8430474558.000	0.002827	8049
59251.124595	8430474556.000	0.003348	8049
59251.124606	8430474557.000	0.005034	8049
59251.124618	8430474556.000	0.003768	8049
59251.124630	8430474554.000	0.004532	8049
59251.124641	8430474555.000	0.004448	8049
59251.124653	8430474554.000	0.003779	8049
59251.124664	8430474554.000	0.005466	8049
59251.124676	8430474553.000	0.003203	8049
59251.124687	8430474553.000	0.004329	8049
59251.124699	8430474552.000	0.003144	8049
59251.124711	8430474552.000	0.003556	8049
59251.124722	8430474551.000	0.004100	8049
59251.124734	8430474550.000	0.003768	8049
59251.124745	8430474551.000	0.006917	8049
59251.124757	8430474549.000	0.004888	8049
59251.124769	8430474548.000	0.004347	8049
59251.124780	8430474548.000	0.005892	8049
59251.124792	8430474548.000	0.004939	8049
59251.124803	8430474547.000	0.003866	8049
59251.124815	8430474547.000	0.003138	8049
59251.124826	8430474546.000	0.003663	8049
59251.124838	8430474545.000	0.004200	8049
59251.124850	8430474544.000	0.003670	8049
59251.124861	8430474544.000	0.003394	8049
59251.124873	8430474544.000	0.003852	8049
59251.124884	8430474543.000	0.003772	8049
59251.124896	8430474542.000	0.004161	8049
59251.124907	8430474542.000	0.004790	8049
59251.124919	8430474541.000	0.004214	8049
59251.124931	8430474540.000	0.003868	8049
59251.124942	8430474539.000	0.004355	8049
59251.124954	8430474540.000	0.003950	8049
59251.124965	8430474540.000	0.004121	8049
59251.124977	8430474539.000	0.004128	8049
59251.124988	8430474537.000	0.004194	8049
59251.125000	8430474539.000	0.004545	8049
59251.125012	8430474538.000	0.004275	8049
59251.125023	8430474537.000	0.003865	8049
59251.125035	8430474535.000	0.003735	8049
59251.125046	8430474535.000	0.004576	8049
59251.125058	8430474534.000	0.002706	8049
59251.125070	8430474533.000	0.003883	8049
59251.125081	8430474532.000	0.003969	8049
59251.125093	8430474532.000	0.004618	8049
59251.125104	8430474533.000	0.005600	8049
59251.125116	8430474532.000	0.005362	8049
59251.125127	8430474530.000	0.003946	8049
59251.125139	8430474529.000	0.002987	8049
59251.125151	8430474530.000	0.003359	8049
59251.125162	8430474528.000	0.004314	8049
59251.125174	8430474529.000	0.005423	8049
59251.125185	8430474528.000	0.003807	8049
59251.125197	8430474528.000	0.002694	8049
59251.125208	8430474526.000	0.003251	8049
59251.125220	8430474527.000	0.004048	8049
59251.125231	8430474526.000	0.005491	8049
59251.125243	8430474526.000	0.003180	8049
59251.125255	8430474526.000	0.002967	8049
59251.125266	8430474525.000	0.004930	8049
59251.125278	8430474524.000	0.004221	8049
59251.125289	8430474523.000	0.005145	8049
59251.125301	8430474522.000	0.003490	8049
59251.125312	8430474522.000	0.004495	8049
59251.125324	8430474521.000	0.003343	8049
59251.125336	8430474521.000	0.003597	8049
59251.125347	8430474520.000	0.005436	8049
59251.125359	8430474521.000	0.003416	8049
59251.125370	8430474519.000	0.004444	8049
59251.125382	8430474518.000	0.003581	8049
59251.125393	8430474517.000	0.003340	8049
59251.125405	8430474517.000	0.004589	8049
59251.125417	8430474516.000	0.002954	8049
59251.125428	8430474516.000	0.004004	8049
59251.125440	8430474516.000	0.004043	8049
59251.125451	8430474516.000	0.002939	8049
59251.125463	8430474515.000	0.004959	8049
59251.125475	8430474514.000	0.003996	8049
59251.125486	8430474513.000	0.002906	8049
59251.125498	8430474513.000	0.004755	8049
59251.125509	8430474512.000	0.003784	8049
59251.125521	8430474512.000	0.005229	8049
59251.125532	8430474510.000	0.003960	8049
59251.125544	8430474510.000	0.003481	8049
59251.125556	8430474510.000	0.004983	8049
59251.125567	8430474508.000	0.003926	8049
59251.125579	8430474508.000	0.003569	8049
59251.125590	8430474508.000	0.003521	8049
59251.125602	8430474508.000	0.004426	8049
59251.125613	8430474506.000	0.004087	8049
59251.125625	8430474506.000	0.004881	8049
59251.125637	8430474506.000	0.003389	8049
59251.125648	8430474505.000	0.002715	8049
59251.125660	8430474505.000	0.002353	8049
59251.125671	8430474504.000	0.003623	8049
59251.125683	8430474504.000	0.005077	8049
59251.125694	8430474504.000	0.003644	8049
59251.125706	8430474503.000	0.003814	8049
59251.125718	8430474501.000	0.004191	8049
59251.125729	8430474501.000	0.003436	8049
59251.125741	8430474500.000	0.004481	8049
59251.125752	8430474500.000	0.005433	8049
59251.125764	8430474500.000	0.003313	8049
59251.125776	8430474499.000	0.004977	8049
59251.125787	8430474499.000	0.003134	8049
59251.125799	8430474498.000	0.004091	8049
59251.125810	8430474497.000	0.003624	8049
59251.125822	8430474496.000	0.003130	8049
59251.125833	8430474497.000	0.004092	8049
59251.125845	8430474496.000	0.003113	8049
59251.125857	8430474496.000	0.005938	8049
59251.125868	8430474494.000	0.004467	8049
59251.125880	8430474493.000	0.003968	8049
59251.125891	8430474493.000	0.003154	8049
59251.125903	8430474493.000	0.004696	8049
59251.125914	8430474493.000	0.001989	8049
59251.125926	8430474491.000	0.005235	8049
59251.125937	8430474491.000	0.005615	8049
59251.125949	8430474489.000	0.002917	8049
59251.125961	8430474490.000	0.005446	8049
59251.125972	8430474489.000	0.004165	8049
59251.125984	8430474489.000	0.002890	8049
59251.125995	8430474488.000	0.003876	8049
59251.126007	8430474488.000	0.003685	8049
59251.126018	8430474488.000	0.003720	8049
59251.126030	8430474487.000	0.004138	8049
59251.126042	8430474486.000	0.004794	8049
59251.126053	8430474484.000	0.003761	8049
59251.126065	8430474485.000	0.004839	8049
59251.126077	8430474484.000	0.003096	8049
59251.126088	8430474484.000	0.003908	8049
59251.126100	8430474483.000	0.006475	8049
59251.126111	8430474483.000	0.005843	8049
59251.126123	8430474482.000	0.003848	8049
59251.126134	8430474482.000	0.004748	8049
59251.126146	8430474481.000	0.004113	8049
59251.126157	8430474480.000	0.004601	8049
59251.126169	8430474479.000	0.003983	8049
59251.126181	8430474478.000	0.004427	8049
59251.126192	8430474479.000	0.004416	8049
59251.126204	8430474478.000	0.004117	8049
59251.126215	8430474477.000	0.004024	8049
59251.126227	8430474476.000	0.004701	8049
59251.126238	8430474476.000	0.005425	8049
59251.126250	8430474475.000	0.004456	8049
59251.126262	8430474476.000	0.004438	8049
59251.126273	8430474475.000	0.003049	8049
59251.126285	8430474474.000	0.004132	8049
59251.126296	8430474474.000	0.002871	8049
59251.126308	8430474474.000	0.005637	8049
59251.126319	8430474472.000	0.004725	8049
59251.126331	8430474472.000	0.003483	8049
59251.126343	8430474470.000	0.003659	8049
59251.126354	8430474471.000	0.002449	8049
59251.126366	8430474470.000	0.005680	8049
59251.126377	8430474470.000	0.003691	8049
59251.126389	8430474470.000	0.004061	8049
59251.126401	8430474469.000	0.004341	8049
59251.126412	8430474467.000	0.003404	8049
59251.126424	8430474467.000	0.003581	8049
59251.126435	8430474466.000	0.005758	8049
59251.126447	8430474465.000	0.003827	8049
59251.126458	8430474465.000	0.004290	8049
59251.126470	8430474464.000	0.004400	8049
59251.126482	8430474464.000	0.003584	8049
59251.126493	8430474463.000	0.004106	8049
59251.126505	8430474463.000	0.004220	8049
59251.126516	8430474463.000	0.006460	8049
59251.126528	8430474461.000	0.004611	8049
59251.126539	8430474460.000	0.004965	8049
59251.126551	8430474460.000	0.004950	8049
59251.126563	8430474460.000	0.003602	8049
59251.126574	8430474460.000	0.004091	8049
59251.126586	8430474459.000	0.003680	8049
59251.126597	8430474459.000	0.004253	8049
59251.126609	8430474458.000	0.003583	8049
59251.126620	8430474458.000	0.004545	8049
59251.126632	8430474457.000	0.004119	8049
59251.126643	8430474457.000	0.005828	8049
59251.126655	8430474457.000	0.003096	8049
59251.126667	8430474455.000	0.005483	8049
59251.126678	8430474456.000	0.003939	8049
59251.126690	8430474454.000	0.003973	8049
59251.126701	8430474453.000	0.004103	8049
59251.126713	8430474453.000	0.003079	8049
59251.126725	8430474452.000	0.003861	8049
59251.126736	8430474451.000	0.004848	8049
59251.126748	8430474452.000	0.004860	8049
59251.126759	8430474452.000	0.005054	8049
59251.126771	8430474451.000	0.003179	8049
59251.126782	8430474451.000	0.003257	8049
59251.126794	8430474449.000	0.002887	8049
59251.126806	8430474448.000	0.006022	8049
59251.126817	8430474449.000	0.003657	8049
59251.126829	8430474448.000	0.004879	8049
59251.126840	8430474447.000	0.003555	8049
59251.126852	8430474446.000	0.003392	8049
59251.126863	8430474446.000	0.003351	8049
59251.126875	8430474445.000	0.002934	8049
59251.126887	8430474443.000	0.004552	8049
59251.126898	8430474445.000	0.004296	8049
59251.126910	8430474444.000	0.004105	8049
59251.126921	8430474443.000	0.003659	8049
59251.126933	8430474442.000	0.003213	8049
59251.126944	8430474442.000	0.004005	8049
59251.126956	8430474440.000	0.003846	8049
59251.126968	8430474440.000	0.005142	8049
59251.126979	8430474440.000	0.004742	8049
59251.126991	8430474440.000	0.004380	8049
59251.127002	8430474439.000	0.003212	8049
59251.127014	8430474439.000	0.003633	8049
59251.127025	8430474438.000	0.004021	8049
59251.127037	8430474438.000	0.003508	8049
59251.127049	8430474437.000	0.003273	8049
59251.127060	8430474437.000	0.004135	8049
59251.127072	8430474435.000	0.004874	8049
59251.127083	8430474435.000	0.003494	8049
59251.127095	8430474435.000	0.004234	8049
59251.127107	8430474434.000	0.004451	8049
59251.127118	8430474433.000	0.004022	8049
59251.127130	8430474432.000	0.004755	8049
59251.127141	8430474432.000	0.004572	8049
59251.127153	8430474430.000	0.003140	8049
59251.127164	8430474430.000	0.003201	8049
59251.127176	8430474431.000	0.004001	8049
59251.127188	8430474429.000	0.005057	8049
59251.127199	8430474429.000	0.004802	8049
59251.127211	8430474428.000	0.003644	8049
59251.127222	8430474428.000	0.004679	8049
59251.127234	8430474427.000	0.003090	8049
59251.127245	8430474426.000	0.004117	8049
59251.127257	8430474426.000	0.003818	8049
59251.127269	8430474425.000	0.002894	8049
59251.127280	8430474425.000	0.004125	8049
59251.127292	8430474425.000	0.005345	8049
59251.127303	8430474424.000	0.004231	8049
59251.127315	8430474424.000	0.004751	8049
59251.127326	8430474423.000	0.004602	8049
59251.127338	8430474423.000	0.004287	8049
59251.127349	8430474421.000	0.003029	8049
59251.127361	8430474421.000	0.004325	8049
59251.127373	8430474420.000	0.003945	8049
59251.127384	8430474420.000	0.004533	8049
59251.127396	8430474420.000	0.004148	8049
59251.127407	8430474419.000	0.004476	8049
59251.127419	8430474419.000	0.002652	8049
59251.127431	8430474418.000	0.003031	8049
59251.127442	8430474418.000	0.004013	8049
59251.127454	8430474418.000	0.002665	8049
59251.127465	8430474416.000	0.004188	8049
59251.127477	8430474416.000	0.004440	8049
59251.127488	8430474415.000	0.003741	8049
59251.127500	8430474415.000	0.003564	8049
59251.127512	8430474414.000	0.006239	8049
59251.127523	8430474414.000	0.005617	8049
59251.127535	8430474414.000	0.002752	8049
59251.127546	8430474413.000	0.003240	8049
59251.127558	8430474412.000	0.002699	8049
59251.127569	8430474412.000	0.004490	8049
59251.127581	8430474411.000	0.003892	8049
59251.127593	8430474410.000	0.002294	8049
59251.127604	8430474409.000	0.002777	8049
59251.127616	8430474408.000	0.004634	8049
59251.127627	8430474407.000	0.004307	8049
59251.127639	8430474406.000	0.002752	8049
59251.127650	8430474406.000	0.004470	8049
59251.127662	8430474407.000	0.006071	8049
59251.127674	8430474407.000	0.003457	8049
59251.127685	8430474406.000	0.004352	8049
59251.127697	8430474405.000	0.004141	8049
59251.127708	8430474404.000	0.003901	8049
59251.127720	8430474403.000	0.004235	8049
59251.127732	8430474402.000	0.003455	8049
59251.127743	8430474403.000	0.003251	8049
59251.127755	8430474402.000	0.004627	8049
59251.127766	8430474401.000	0.004280	8049
59251.127778	8430474401.000	0.004345	8049
59251.127789	8430474401.000	0.004177	8049
59251.127801	8430474400.000	0.004118	8049
59251.127813	8430474399.000	0.003632	8049
59251.127824	8430474398.000	0.003495	8049
59251.127836	8430474398.000	0.004122	8049
59251.127847	8430474398.000	0.004193	8049
59251.127859	8430474396.000	0.004716	8049
59251.127870	8430474396.000	0.003564	8049
59251.127882	8430474395.000	0.004682	8049
59251.127894	8430474395.000	0.003487	8049
59251.127905	8430474395.000	0.003951	8049
59251.127917	8430474395.000	0.002972	8049
59251.127928	8430474394.000	0.003460	8049
59251.127940	8430474392.000	0.005054	8049
59251.127951	8430474392.000	0.004420	8049
59251.127963	8430474391.000	0.003104	8049
59251.127974	8430474391.000	0.003248	8049
59251.127986	8430474390.000	0.003860	8049
59251.127998	8430474390.000	0.005331	8049
59251.128009	8430474390.000	0.003314	8049
59251.128021	8430474388.000	0.003999	8049
59251.128032	8430474388.000	0.005007	8049
59251.128044	8430474388.000	0.003753	8049
59251.128056	8430474388.000	0.004402	8049
59251.128067	8430474388.000	0.003460	8049
59251.128079	8430474386.000	0.002500	8049
59251.128090	8430474386.000	0.003967	8049
59251.128102	8430474384.000	0.004423	8049
59251.128114	8430474384.000	0.002932	8049
59251.128125	8430474383.000	0.004104	8049
59251.128137	8430474384.000	0.004217	8049
59251.128148	8430474382.000	0.004766	8049
59251.128160	8430474381.000	0.002696	8049
59251.128171	8430474381.000	0.002533	8049
59251.128183	8430474380.000	0.002941	8049
59251.128194	8430474381.000	0.004985	8049
59251.128206	8430474379.000	0.003028	8049
59251.128218	8430474379.000	0.003347	8049
59251.128229	8430474379.000	0.004848	8049
59251.128241	8430474378.000	0.002402	8049
59251.128252	8430474378.000	0.003169	8049
59251.128264	8430474378.000	0.004108	8049
59251.128275	8430474377.000	0.002492	8049
59251.128287	8430474376.000	0.003838	8049
59251.128299	8430474376.000	0.002950	8049
59251.128310	8430474374.000	0.003573	8049
59251.128322	8430474374.000	0.004833	8049
59251.128333	8430474374.000	0.004523	8049
59251.128345	8430474372.000	0.003820	8049
59251.128356	8430474371.000	0.004404	8049
59251.128368	8430474372.000	0.003490	8049
59251.128380	8430474371.000	0.004350	8049
59251.128391	8430474370.000	0.003716	8049
59251.128403	8430474370.000	0.004056	8049
59251.128414	8430474369.000	0.002928	8049
59251.128426	8430474369.000	0.004163	8049
59251.128438	8430474368.000	0.003910	8049
59251.128449	8430474368.000	0.003686	8049
59251.128461	8430474367.000	0.004660	8049
59251.128472	8430474368.000	0.004196	8049
59251.128484	8430474367.000	0.005675	8049
59251.128495	8430474366.000	0.004004	8049
59251.128507	8430474366.000	0.003796	8049
59251.128519	8430474365.000	0.004625	8049
59251.128530	8430474364.000	0.002812	8049
59251.128542	8430474364.000	0.003302	8049
59251.128553	8430474363.000	0.003728	8049
59251.128565	8430474362.000	0.005348	8049
59251.128576	8430474361.000	0.004495	8049
59251.128588	8430474361.000	0.004199	8049
59251.128599	8430474361.000	0.003488	8049
59251.128611	8430474360.000	0.003648	8049
59251.128623	8430474360.000	0.003657	8049
59251.128634	8430474359.000	0.005166	8049
59251.128646	8430474358.000	0.005136	8049
59251.128657	8430474358.000	0.003335	8049
59251.128669	8430474357.000	0.003829	8049
59251.128680	8430474357.000	0.003559	8049
59251.128692	8430474356.000	0.002977	8049
59251.128704	8430474356.000	0.003758	8049
59251.128715	8430474355.000	0.001914	8049
