59256.110114	8430541252.000	0.006648	8049
59256.110126	8430541251.000	0.004763	8049
59256.110138	8430541250.000	0.003837	8049
59256.110149	8430541251.000	0.004742	8049
59256.110161	8430541250.000	0.004987	8049
59256.110172	8430541249.000	0.005473	8049
59256.110184	8430541248.000	0.008035	8049
59256.110196	8430541248.000	0.006096	8049
59256.110207	8430541247.000	0.004771	8049
59256.110219	8430541246.000	0.005846	8049
59256.110230	8430541246.000	0.005556	8049
59256.110242	8430541245.000	0.006227	8049
59256.110253	8430541245.000	0.005946	8049
59256.110265	8430541245.000	0.005607	8049
59256.110276	8430541243.000	0.006000	8049
59256.110288	8430541244.000	0.006122	8049
59256.110300	8430541243.000	0.004697	8049
59256.110311	8430541242.000	0.005975	8049
59256.110323	8430541242.000	0.006632	8049
59256.110335	8430541242.000	0.005127	8049
59256.110346	8430541241.000	0.006759	8049
59256.110358	8430541240.000	0.006789	8049
59256.110369	8430541240.000	0.006813	8049
59256.110381	8430541240.000	0.006127	8049
59256.110392	8430541238.000	0.004432	8049
59256.110404	8430541238.000	0.005624	8049
59256.110415	8430541237.000	0.006122	8049
59256.110427	8430541238.000	0.003654	8049
59256.110439	8430541236.000	0.005509	8049
59256.110450	8430541235.000	0.005789	8049
59256.110462	8430541235.000	0.004777	8049
59256.110473	8430541235.000	0.004945	8049
59256.110485	8430541234.000	0.007056	8049
59256.110496	8430541234.000	0.003849	8049
59256.110508	8430541233.000	0.006105	8049
59256.110520	8430541232.000	0.005153	8049
59256.110531	8430541231.000	0.005002	8049
59256.110543	8430541230.000	0.003734	8049
59256.110554	8430541230.000	0.004562	8049
59256.110566	8430541229.000	0.004177	8049
59256.110577	8430541230.000	0.004458	8049
59256.110589	8430541230.000	0.003551	8049
59256.110601	8430541228.000	0.004766	8049
59256.110612	8430541227.000	0.004074	8049
59256.110624	8430541227.000	0.004652	8049
59256.110635	8430541227.000	0.006157	8049
59256.110647	8430541227.000	0.005348	8049
59256.110658	8430541225.000	0.004816	8049
59256.110670	8430541226.000	0.005717	8049
59256.110682	8430541224.000	0.005339	8049
59256.110693	8430541223.000	0.006190	8049
59256.110705	8430541223.000	0.006487	8049
59256.110716	8430541222.000	0.004696	8049
59256.110728	8430541222.000	0.006147	8049
59256.110740	8430541221.000	0.005806	8049
59256.110751	8430541221.000	0.005022	8049
59256.110763	8430541220.000	0.006189	8049
59256.110774	8430541220.000	0.007982	8049
59256.110786	8430541220.000	0.005702	8049
59256.110797	8430541218.000	0.004341	8049
59256.110809	8430541219.000	0.005999	8049
59256.110821	8430541218.000	0.004408	8049
59256.110832	8430541217.000	0.006683	8049
59256.110844	8430541216.000	0.004776	8049
59256.110855	8430541216.000	0.005562	8049
59256.110867	8430541215.000	0.006595	8049
59256.110878	8430541215.000	0.005568	8049
59256.110890	8430541215.000	0.004298	8049
59256.110902	8430541214.000	0.004933	8049
59256.110913	8430541213.000	0.005163	8049
59256.110925	8430541213.000	0.005726	8049
59256.110936	8430541212.000	0.003964	8049
59256.110948	8430541212.000	0.005497	8049
59256.110959	8430541212.000	0.004173	8049
59256.110971	8430541211.000	0.007612	8049
59256.110983	8430541210.000	0.005520	8049
59256.110994	8430541209.000	0.005463	8049
59256.111006	8430541209.000	0.004599	8049
59256.111017	8430541208.000	0.005969	8049
59256.111029	8430541207.000	0.005667	8049
59256.111040	8430541207.000	0.005748	8049
59256.111052	8430541206.000	0.005815	8049
59256.111064	8430541206.000	0.004981	8049
59256.111075	8430541206.000	0.004881	8049
59256.111087	8430541206.000	0.007212	8049
59256.111098	8430541205.000	0.005133	8049
59256.111110	8430541204.000	0.005916	8049
59256.111121	8430541204.000	0.005223	8049
59256.111133	8430541202.000	0.006210	8049
59256.111145	8430541202.000	0.006776	8049
59256.111156	8430541200.000	0.003898	8049
59256.111168	8430541200.000	0.005394	8049
59256.111179	8430541201.000	0.005343	8049
59256.111191	8430541200.000	0.004722	8049
59256.111202	8430541200.000	0.005345	8049
59256.111214	8430541198.000	0.005030	8049
59256.111226	8430541198.000	0.004578	8049
59256.111237	8430541198.000	0.004392	8049
59256.111249	8430541197.000	0.005595	8049
59256.111260	8430541196.000	0.005785	8049
59256.111272	8430541196.000	0.005119	8049
59256.111283	8430541196.000	0.005091	8049
59256.111295	8430541194.000	0.005527	8049
59256.111307	8430541194.000	0.005178	8049
59256.111318	8430541194.000	0.004608	8049
59256.111330	8430541193.000	0.004896	8049
59256.111341	8430541193.000	0.004760	8049
59256.111353	8430541192.000	0.006648	8049
59256.111365	8430541192.000	0.006153	8049
59256.111376	8430541191.000	0.006480	8049
59256.111388	8430541190.000	0.005539	8049
59256.111399	8430541189.000	0.006965	8049
59256.111411	8430541188.000	0.005361	8049
59256.111422	8430541189.000	0.003482	8049
59256.111434	8430541188.000	0.006327	8049
59256.111446	8430541187.000	0.005362	8049
59256.111457	8430541187.000	0.005446	8049
59256.111469	8430541187.000	0.005889	8049
59256.111480	8430541186.000	0.006082	8049
59256.111492	8430541186.000	0.004939	8049
59256.111503	8430541185.000	0.006549	8049
59256.111515	8430541183.000	0.005669	8049
59256.111526	8430541182.000	0.004851	8049
59256.111538	8430541182.000	0.006901	8049
59256.111550	8430541182.000	0.004797	8049
59256.111561	8430541182.000	0.005961	8049
59256.111573	8430541182.000	0.004897	8049
59256.111584	8430541180.000	0.003008	8049
59256.111596	8430541181.000	0.004230	8049
59256.111607	8430541179.000	0.005814	8049
59256.111619	8430541179.000	0.003751	8049
59256.111631	8430541179.000	0.005458	8049
59256.111642	8430541177.000	0.004999	8049
59256.111654	8430541177.000	0.004440	8049
59256.111665	8430541177.000	0.005184	8049
59256.111677	8430541177.000	0.007309	8049
59256.111689	8430541176.000	0.004710	8049
59256.111700	8430541176.000	0.006238	8049
59256.111712	8430541174.000	0.005664	8049
59256.111723	8430541173.000	0.005388	8049
59256.111735	8430541173.000	0.004663	8049
59256.111746	8430541173.000	0.006647	8049
59256.111758	8430541173.000	0.005077	8049
59256.111770	8430541172.000	0.003195	8049
59256.111781	8430541171.000	0.006273	8049
59256.111793	8430541170.000	0.003814	8049
59256.111804	8430541170.000	0.005623	8049
59256.111816	8430541170.000	0.006001	8049
59256.111827	8430541169.000	0.005913	8049
59256.111839	8430541169.000	0.005577	8049
59256.111851	8430541168.000	0.005140	8049
59256.111862	8430541167.000	0.005463	8049
59256.111874	8430541166.000	0.005112	8049
59256.111885	8430541166.000	0.004987	8049
59256.111897	8430541166.000	0.004501	8049
59256.111908	8430541165.000	0.004649	8049
59256.111920	8430541164.000	0.004809	8049
59256.111932	8430541164.000	0.005945	8049
59256.111943	8430541164.000	0.004340	8049
59256.111955	8430541163.000	0.006664	8049
59256.111966	8430541162.000	0.005533	8049
59256.111978	8430541161.000	0.005743	8049
59256.111990	8430541161.000	0.004129	8049
59256.112001	8430541161.000	0.004883	8049
59256.112013	8430541160.000	0.004510	8049
59256.112024	8430541160.000	0.005213	8049
59256.112036	8430541159.000	0.004587	8049
59256.112047	8430541159.000	0.004910	8049
59256.112059	8430541158.000	0.004629	8049
59256.112071	8430541157.000	0.007345	8049
59256.112082	8430541157.000	0.006039	8049
59256.112094	8430541155.000	0.004595	8049
59256.112105	8430541156.000	0.005017	8049
59256.112117	8430541155.000	0.004795	8049
59256.112128	8430541154.000	0.004720	8049
59256.112140	8430541154.000	0.005837	8049
59256.112152	8430541154.000	0.006006	8049
59256.112163	8430541153.000	0.004596	8049
59256.112175	8430541152.000	0.005427	8049
59256.112186	8430541152.000	0.003826	8049
59256.112198	8430541152.000	0.006012	8049
59256.112209	8430541150.000	0.004328	8049
59256.112221	8430541150.000	0.005063	8049
59256.112232	8430541149.000	0.004405	8049
59256.112244	8430541149.000	0.004429	8049
59256.112256	8430541149.000	0.004579	8049
59256.112267	8430541148.000	0.006160	8049
59256.112279	8430541147.000	0.006074	8049
59256.112290	8430541147.000	0.006603	8049
59256.112302	8430541146.000	0.006906	8049
59256.112314	8430541146.000	0.006695	8049
59256.112325	8430541145.000	0.006037	8049
59256.112337	8430541144.000	0.004945	8049
59256.112348	8430541144.000	0.007455	8049
59256.112360	8430541144.000	0.004169	8049
59256.112372	8430541143.000	0.008050	8049
59256.112383	8430541143.000	0.003862	8049
59256.112395	8430541142.000	0.005692	8049
59256.112406	8430541141.000	0.006114	8049
59256.112418	8430541141.000	0.003866	8049
59256.112429	8430541140.000	0.007454	8049
59256.112441	8430541140.000	0.006177	8049
59256.112452	8430541139.000	0.005383	8049
59256.112464	8430541140.000	0.005665	8049
59256.112476	8430541138.000	0.004055	8049
59256.112487	8430541137.000	0.004612	8049
59256.112499	8430541137.000	0.007520	8049
59256.112510	8430541135.000	0.004103	8049
59256.112522	8430541136.000	0.004904	8049
59256.112534	8430541134.000	0.005139	8049
59256.112545	8430541133.000	0.005130	8049
59256.112557	8430541134.000	0.007254	8049
59256.112568	8430541133.000	0.006665	8049
59256.112580	8430541133.000	0.005850	8049
59256.112591	8430541132.000	0.004942	8049
59256.112603	8430541131.000	0.004040	8049
59256.112614	8430541131.000	0.006492	8049
59256.112626	8430541131.000	0.004764	8049
59256.112638	8430541130.000	0.005448	8049
59256.112649	8430541130.000	0.004656	8049
59256.112661	8430541129.000	0.006094	8049
59256.112672	8430541129.000	0.003941	8049
59256.112684	8430541128.000	0.004659	8049
59256.112696	8430541127.000	0.002999	8049
59256.112707	8430541127.000	0.009566	8049
59256.112719	8430541126.000	0.004574	8049
59256.112730	8430541126.000	0.005049	8049
59256.112742	8430541125.000	0.005745	8049
59256.112753	8430541125.000	0.005662	8049
59256.112765	8430541123.000	0.005235	8049
59256.112777	8430541123.000	0.006812	8049
59256.112788	8430541122.000	0.005414	8049
59256.112800	8430541122.000	0.005074	8049
59256.112811	8430541122.000	0.005681	8049
59256.112823	8430541121.000	0.008138	8049
59256.112834	8430541120.000	0.006629	8049
59256.112846	8430541119.000	0.006497	8049
59256.112857	8430541119.000	0.005595	8049
59256.112869	8430541119.000	0.004453	8049
59256.112881	8430541119.000	0.006634	8049
59256.112892	8430541118.000	0.004362	8049
59256.112904	8430541117.000	0.006542	8049
59256.112915	8430541117.000	0.005156	8049
59256.112927	8430541117.000	0.006837	8049
59256.112938	8430541115.000	0.005501	8049
59256.112950	8430541115.000	0.004874	8049
59256.112962	8430541113.000	0.005585	8049
59256.112973	8430541114.000	0.004672	8049
59256.112985	8430541114.000	0.004071	8049
59256.112997	8430541113.000	0.007304	8049
59256.113008	8430541113.000	0.005893	8049
59256.113020	8430541111.000	0.005187	8049
59256.113031	8430541111.000	0.008213	8049
59256.113043	8430541112.000	0.003433	8049
59256.113054	8430541110.000	0.004945	8049
59256.113066	8430541109.000	0.006537	8049
59256.113077	8430541108.000	0.006843	8049
59256.113089	8430541108.000	0.005357	8049
59256.113101	8430541107.000	0.003741	8049
59256.113112	8430541106.000	0.003889	8049
59256.113124	8430541106.000	0.005361	8049
59256.113135	8430541105.000	0.005037	8049
59256.113147	8430541105.000	0.006107	8049
59256.113158	8430541104.000	0.003657	8049
59256.113170	8430541104.000	0.004924	8049
59256.113182	8430541104.000	0.006684	8049
59256.113193	8430541103.000	0.005068	8049
59256.113205	8430541102.000	0.005952	8049
59256.113216	8430541102.000	0.003646	8049
59256.113228	8430541102.000	0.004006	8049
59256.113240	8430541100.000	0.006577	8049
59256.113251	8430541101.000	0.003710	8049
59256.113263	8430541099.000	0.004315	8049
59256.113274	8430541100.000	0.008178	8049
59256.113286	8430541099.000	0.005709	8049
59256.113298	8430541098.000	0.005680	8049
59256.113309	8430541098.000	0.006010	8049
59256.113321	8430541097.000	0.005008	8049
59256.113332	8430541096.000	0.005655	8049
59256.113344	8430541095.000	0.002804	8049
59256.113355	8430541095.000	0.005805	8049
59256.113367	8430541095.000	0.005263	8049
59256.113378	8430541093.000	0.004884	8049
59256.113390	8430541094.000	0.007308	8049
59256.113402	8430541093.000	0.005217	8049
59256.113413	8430541093.000	0.004434	8049
59256.113425	8430541092.000	0.006594	8049
59256.113436	8430541092.000	0.004578	8049
59256.113448	8430541091.000	0.005476	8049
59256.113459	8430541091.000	0.005958	8049
59256.113471	8430541091.000	0.006291	8049
59256.113483	8430541091.000	0.007125	8049
59256.113494	8430541090.000	0.005114	8049
59256.113506	8430541090.000	0.005057	8049
59256.113517	8430541088.000	0.005866	8049
59256.113529	8430541087.000	0.005354	8049
59256.113540	8430541086.000	0.006726	8049
59256.113552	8430541087.000	0.005506	8049
59256.113563	8430541086.000	0.006446	8049
59256.113575	8430541085.000	0.006906	8049
59256.113587	8430541083.000	0.007392	8049
59256.113598	8430541083.000	0.005745	8049
59256.113610	8430541083.000	0.006727	8049
59256.113621	8430541083.000	0.006340	8049
59256.113633	8430541082.000	0.003679	8049
59256.113645	8430541082.000	0.005160	8049
59256.113656	8430541081.000	0.006253	8049
59256.113668	8430541080.000	0.006072	8049
59256.113679	8430541079.000	0.005018	8049
59256.113691	8430541079.000	0.005948	8049
59256.113703	8430541077.000	0.003427	8049
59256.113714	8430541077.000	0.005317	8049
59256.113726	8430541077.000	0.005228	8049
59256.113737	8430541077.000	0.005974	8049
59256.113749	8430541077.000	0.005393	8049
59256.113760	8430541075.000	0.003819	8049
59256.113772	8430541075.000	0.006090	8049
59256.113784	8430541076.000	0.003857	8049
59256.113795	8430541075.000	0.006508	8049
59256.113807	8430541075.000	0.006394	8049
59256.113818	8430541074.000	0.005573	8049
59256.113830	8430541073.000	0.004581	8049
59256.113841	8430541072.000	0.006984	8049
59256.113853	8430541071.000	0.005541	8049
59256.113865	8430541070.000	0.005314	8049
59256.113876	8430541070.000	0.004925	8049
59256.113888	8430541068.000	0.006059	8049
59256.113899	8430541068.000	0.007077	8049
59256.113911	8430541068.000	0.003917	8049
59256.113922	8430541068.000	0.003722	8049
59256.113934	8430541067.000	0.005257	8049
59256.113946	8430541067.000	0.003193	8049
59256.113957	8430541067.000	0.005952	8049
59256.113969	8430541066.000	0.006388	8049
59256.113980	8430541064.000	0.007202	8049
59256.113992	8430541065.000	0.004128	8049
59256.114003	8430541064.000	0.005458	8049
59256.114015	8430541064.000	0.006059	8049
59256.114027	8430541064.000	0.006815	8049
59256.114038	8430541063.000	0.003893	8049
59256.114050	8430541062.000	0.005260	8049
59256.114061	8430541062.000	0.005942	8049
59256.114073	8430541061.000	0.006535	8049
59256.114085	8430541060.000	0.004401	8049
59256.114096	8430541059.000	0.005017	8049
59256.114107	8430541059.000	0.006103	8049
59256.114119	8430541059.000	0.004268	8049
59256.114131	8430541059.000	0.003862	8049
59256.114142	8430541057.000	0.006106	8049
59256.114154	8430541056.000	0.006864	8049
59256.114165	8430541056.000	0.006160	8049
59256.114177	8430541057.000	0.005203	8049
59256.114188	8430541056.000	0.005105	8049
59256.114200	8430541055.000	0.006865	8049
59256.114212	8430541054.000	0.006167	8049
59256.114223	8430541053.000	0.003892	8049
59256.114235	8430541052.000	0.003837	8049
59256.114246	8430541052.000	0.004858	8049
59256.114258	8430541051.000	0.007081	8049
59256.114269	8430541051.000	0.003969	8049
59256.114281	8430541052.000	0.003925	8049
59256.114293	8430541050.000	0.004666	8049
59256.114304	8430541050.000	0.004410	8049
59256.114316	8430541049.000	0.005823	8049
59256.114327	8430541048.000	0.005986	8049
59256.114339	8430541048.000	0.005780	8049
59256.114351	8430541048.000	0.006230	8049
59256.114362	8430541047.000	0.007025	8049
59256.114374	8430541046.000	0.006498	8049
59256.114385	8430541046.000	0.003795	8049
59256.114397	8430541046.000	0.004810	8049
59256.114408	8430541045.000	0.005962	8049
59256.114420	8430541044.000	0.006364	8049
59256.114432	8430541044.000	0.004553	8049
59256.114443	8430541043.000	0.005689	8049
59256.114455	8430541043.000	0.006137	8049
59256.114466	8430541042.000	0.005020	8049
59256.114478	8430541042.000	0.005536	8049
59256.114489	8430541042.000	0.005889	8049
59256.114501	8430541041.000	0.006849	8049
59256.114513	8430541040.000	0.005982	8049
59256.114524	8430541039.000	0.003831	8049
59256.114536	8430541038.000	0.003773	8049
59256.114547	8430541039.000	0.004470	8049
59256.114559	8430541036.000	0.004792	8049
59256.114570	8430541037.000	0.007167	8049
59256.114582	8430541036.000	0.004411	8049
59256.114594	8430541036.000	0.005084	8049
59256.114605	8430541035.000	0.006135	8049
59256.114617	8430541035.000	0.004467	8049
59256.114628	8430541033.000	0.006019	8049
59256.114640	8430541033.000	0.004575	8049
59256.114652	8430541032.000	0.004892	8049
59256.114663	8430541033.000	0.003593	8049
59256.114675	8430541032.000	0.006715	8049
59256.114686	8430541031.000	0.005465	8049
59256.114698	8430541030.000	0.004620	8049
59256.114709	8430541029.000	0.005311	8049
59256.114721	8430541030.000	0.004877	8049
59256.114733	8430541030.000	0.005344	8049
59256.114744	8430541030.000	0.003865	8049
59256.114756	8430541029.000	0.004056	8049
59256.114767	8430541027.000	0.004612	8049
59256.114779	8430541026.000	0.004138	8049
59256.114790	8430541027.000	0.005601	8049
59256.114802	8430541027.000	0.005814	8049
59256.114814	8430541026.000	0.004344	8049
59256.114825	8430541024.000	0.007071	8049
59256.114837	8430541024.000	0.006898	8049
59256.114848	8430541023.000	0.006583	8049
59256.114860	8430541023.000	0.004845	8049
59256.114871	8430541022.000	0.006834	8049
59256.114883	8430541023.000	0.005039	8049
59256.114894	8430541022.000	0.004643	8049
59256.114906	8430541021.000	0.005816	8049
59256.114918	8430541021.000	0.005582	8049
59256.114929	8430541020.000	0.004808	8049
59256.114941	8430541019.000	0.005994	8049
59256.114952	8430541018.000	0.004613	8049
59256.114964	8430541019.000	0.002997	8049
59256.114976	8430541018.000	0.005162	8049
59256.114987	8430541018.000	0.006282	8049
59256.114999	8430541016.000	0.005432	8049
59256.115010	8430541016.000	0.003942	8049
59256.115022	8430541016.000	0.004780	8049
59256.115033	8430541015.000	0.004388	8049
59256.115045	8430541015.000	0.005007	8049
59256.115057	8430541014.000	0.005860	8049
59256.115068	8430541013.000	0.004660	8049
59256.115080	8430541012.000	0.005021	8049
59256.115091	8430541012.000	0.006621	8049
59256.115103	8430541011.000	0.006507	8049
59256.115115	8430541011.000	0.006418	8049
59256.115126	8430541011.000	0.005013	8049
59256.115138	8430541011.000	0.003866	8049
59256.115149	8430541010.000	0.004202	8049
59256.115161	8430541009.000	0.007165	8049
59256.115172	8430541008.000	0.005073	8049
59256.115184	8430541008.000	0.006077	8049
59256.115195	8430541008.000	0.006727	8049
59256.115207	8430541007.000	0.005540	8049
59256.115219	8430541006.000	0.005418	8049
59256.115230	8430541006.000	0.005374	8049
59256.115242	8430541004.000	0.006556	8049
59256.115253	8430541004.000	0.005529	8049
59256.115265	8430541004.000	0.006288	8049
59256.115277	8430541004.000	0.005294	8049
59256.115288	8430541002.000	0.006724	8049
59256.115300	8430541002.000	0.003613	8049
59256.115311	8430541001.000	0.006462	8049
59256.115323	8430541000.000	0.004742	8049
59256.115334	8430541001.000	0.005152	8049
59256.115346	8430541000.000	0.004634	8049
59256.115358	8430540999.000	0.004165	8049
59256.115369	8430540999.000	0.004988	8049
59256.115381	8430540997.000	0.004662	8049
59256.115392	8430540998.000	0.005739	8049
59256.115404	8430540996.000	0.005564	8049
59256.115416	8430540997.000	0.004458	8049
59256.115427	8430540997.000	0.005929	8049
59256.115439	8430540995.000	0.004084	8049
59256.115450	8430540995.000	0.003258	8049
59256.115462	8430540994.000	0.006599	8049
59256.115473	8430540993.000	0.004591	8049
59256.115485	8430540994.000	0.004677	8049
59256.115496	8430540993.000	0.007742	8049
59256.115508	8430540993.000	0.005295	8049
59256.115519	8430540991.000	0.004315	8049
59256.115531	8430540991.000	0.005710	8049
59256.115543	8430540990.000	0.005947	8049
59256.115554	8430540990.000	0.005432	8049
59256.115566	8430540989.000	0.006385	8049
59256.115577	8430540988.000	0.004921	8049
59256.115589	8430540988.000	0.006057	8049
59256.115601	8430540989.000	0.005097	8049
59256.115612	8430540987.000	0.004648	8049
59256.115624	8430540986.000	0.003570	8049
59256.115635	8430540986.000	0.006876	8049
59256.115647	8430540985.000	0.005848	8049
59256.115658	8430540985.000	0.005409	8049
59256.115670	8430540984.000	0.006223	8049
59256.115682	8430540983.000	0.005154	8049
59256.115693	8430540983.000	0.004827	8049
59256.115705	8430540982.000	0.003917	8049
59256.115716	8430540982.000	0.005351	8049
59256.115728	8430540982.000	0.003469	8049
59256.115739	8430540980.000	0.005963	8049
59256.115751	8430540978.000	0.004541	8049
59256.115763	8430540979.000	0.005131	8049
59256.115774	8430540979.000	0.005051	8049
59256.115786	8430540979.000	0.006992	8049
59256.115797	8430540977.000	0.005043	8049
59256.115809	8430540977.000	0.005140	8049
59256.115821	8430540977.000	0.004977	8049
59256.115832	8430540976.000	0.005474	8049
59256.115844	8430540976.000	0.004453	8049
59256.115855	8430540976.000	0.005276	8049
59256.115867	8430540975.000	0.006144	8049
59256.115878	8430540974.000	0.004973	8049
59256.115890	8430540975.000	0.004659	8049
59256.115901	8430540974.000	0.005634	8049
59256.115913	8430540973.000	0.005729	8049
59256.115925	8430540972.000	0.004821	8049
59256.115936	8430540972.000	0.005275	8049
59256.115948	8430540971.000	0.004729	8049
59256.115959	8430540971.000	0.005211	8049
59256.115971	8430540970.000	0.005097	8049
59256.115983	8430540969.000	0.005436	8049
59256.115994	8430540968.000	0.005328	8049
59256.116006	8430540967.000	0.004477	8049
59256.116017	8430540968.000	0.005748	8049
59256.116029	8430540967.000	0.003997	8049
59256.116040	8430540966.000	0.005380	8049
59256.116052	8430540967.000	0.005666	8049
59256.116064	8430540964.000	0.004623	8049
59256.116075	8430540966.000	0.004566	8049
59256.116087	8430540964.000	0.004579	8049
59256.116098	8430540964.000	0.004451	8049
59256.116110	8430540963.000	0.004749	8049
59256.116121	8430540962.000	0.004236	8049
59256.116133	8430540962.000	0.005431	8049
59256.116145	8430540962.000	0.007356	8049
59256.116156	8430540961.000	0.005744	8049
59256.116168	8430540961.000	0.005370	8049
59256.116179	8430540961.000	0.007021	8049
59256.116191	8430540959.000	0.003987	8049
59256.116202	8430540958.000	0.003409	8049
59256.116214	8430540958.000	0.004796	8049
59256.116225	8430540956.000	0.005996	8049
59256.116237	8430540957.000	0.005095	8049
59256.116249	8430540956.000	0.005305	8049
59256.116260	8430540956.000	0.006986	8049
59256.116272	8430540957.000	0.004469	8049
59256.116284	8430540954.000	0.006362	8049
59256.116295	8430540954.000	0.005839	8049
59256.116307	8430540955.000	0.005232	8049
59256.116318	8430540954.000	0.003601	8049
59256.116330	8430540954.000	0.003875	8049
59256.116341	8430540952.000	0.005677	8049
59256.116353	8430540951.000	0.005881	8049
59256.116364	8430540952.000	0.006585	8049
59256.116376	8430540951.000	0.004990	8049
59256.116388	8430540950.000	0.003986	8049
59256.116399	8430540950.000	0.004963	8049
59256.116411	8430540949.000	0.005831	8049
59256.116423	8430540948.000	0.005063	8049
59256.116434	8430540948.000	0.004876	8049
59256.116445	8430540948.000	0.005551	8049
59256.116457	8430540947.000	0.006185	8049
59256.116469	8430540946.000	0.004829	8049
59256.116480	8430540946.000	0.004287	8049
59256.116492	8430540946.000	0.004059	8049
59256.116503	8430540944.000	0.004305	8049
59256.116515	8430540944.000	0.004190	8049
59256.116526	8430540943.000	0.005705	8049
59256.116538	8430540943.000	0.004490	8049
59256.116550	8430540943.000	0.003832	8049
59256.116561	8430540942.000	0.004821	8049
59256.116573	8430540942.000	0.005809	8049
59256.116584	8430540941.000	0.004152	8049
59256.116596	8430540941.000	0.004498	8049
59256.116608	8430540939.000	0.006092	8049
59256.116619	8430540939.000	0.004696	8049
59256.116631	8430540938.000	0.005930	8049
59256.116642	8430540937.000	0.004389	8049
59256.116654	8430540937.000	0.004711	8049
59256.116665	8430540937.000	0.005992	8049
59256.116677	8430540937.000	0.006230	8049
59256.116689	8430540935.000	0.005470	8049
59256.116700	8430540935.000	0.005448	8049
59256.116712	8430540934.000	0.006988	8049
59256.116723	8430540934.000	0.004613	8049
59256.116735	8430540932.000	0.005470	8049
59256.116746	8430540932.000	0.004936	8049
59256.116758	8430540932.000	0.005676	8049
59256.116770	8430540933.000	0.003479	8049
59256.116781	8430540931.000	0.004694	8049
59256.116793	8430540931.000	0.005214	8049
59256.116804	8430540929.000	0.006676	8049
59256.116816	8430540929.000	0.005196	8049
59256.116827	8430540929.000	0.004820	8049
59256.116839	8430540929.000	0.004363	8049
59256.116850	8430540928.000	0.006095	8049
59256.116862	8430540927.000	0.004168	8049
59256.116874	8430540927.000	0.003090	8049
59256.116885	8430540925.000	0.005174	8049
59256.116897	8430540924.000	0.004492	8049
59256.116909	8430540925.000	0.006144	8049
59256.116920	8430540923.000	0.005797	8049
59256.116932	8430540923.000	0.004698	8049
59256.116943	8430540923.000	0.005629	8049
59256.116955	8430540923.000	0.006050	8049
59256.116966	8430540922.000	0.004179	8049
59256.116978	8430540921.000	0.005698	8049
59256.116990	8430540920.000	0.006170	8049
59256.117001	8430540920.000	0.005167	8049
59256.117013	8430540920.000	0.006306	8049
59256.117024	8430540920.000	0.004523	8049
59256.117036	8430540919.000	0.006233	8049
59256.117047	8430540918.000	0.005530	8049
59256.117059	8430540919.000	0.005687	8049
59256.117070	8430540918.000	0.005782	8049
59256.117082	8430540916.000	0.005651	8049
59256.117094	8430540916.000	0.004450	8049
59256.117105	8430540915.000	0.004891	8049
59256.117117	8430540915.000	0.007265	8049
59256.117128	8430540915.000	0.003950	8049
59256.117140	8430540914.000	0.005935	8049
59256.117151	8430540914.000	0.005977	8049
59256.117163	8430540913.000	0.005368	8049
59256.117175	8430540912.000	0.006274	8049
59256.117186	8430540911.000	0.004455	8049
59256.117198	8430540912.000	0.007638	8049
59256.117209	8430540911.000	0.005995	8049
59256.117221	8430540910.000	0.005015	8049
59256.117232	8430540910.000	0.006242	8049
59256.117244	8430540908.000	0.003761	8049
59256.117256	8430540907.000	0.004836	8049
59256.117267	8430540908.000	0.004582	8049
59256.117279	8430540907.000	0.005933	8049
59256.117290	8430540906.000	0.005964	8049
59256.117302	8430540905.000	0.005007	8049
59256.117314	8430540906.000	0.005456	8049
59256.117325	8430540904.000	0.005068	8049
59256.117337	8430540904.000	0.006764	8049
59256.117348	8430540903.000	0.004495	8049
59256.117360	8430540903.000	0.005910	8049
59256.117371	8430540903.000	0.005289	8049
59256.117383	8430540902.000	0.006533	8049
59256.117395	8430540901.000	0.005428	8049
59256.117406	8430540902.000	0.003551	8049
59256.117418	8430540901.000	0.005405	8049
59256.117429	8430540901.000	0.004009	8049
59256.117441	8430540902.000	0.004565	8049
59256.117452	8430540899.000	0.006374	8049
59256.117464	8430540898.000	0.004582	8049
59256.117476	8430540897.000	0.004985	8049
59256.117487	8430540896.000	0.004923	8049
59256.117499	8430540895.000	0.005336	8049
59256.117510	8430540896.000	0.005211	8049
59256.117522	8430540896.000	0.005753	8049
59256.117533	8430540895.000	0.007004	8049
59256.117545	8430540894.000	0.004858	8049
59256.117556	8430540894.000	0.004593	8049
59256.117568	8430540894.000	0.006998	8049
59256.117580	8430540894.000	0.005543	8049
59256.117591	8430540893.000	0.004087	8049
59256.117603	8430540891.000	0.004556	8049
59256.117615	8430540891.000	0.004462	8049
59256.117626	8430540891.000	0.003917	8049
59256.117638	8430540890.000	0.005780	8049
59256.117649	8430540890.000	0.005668	8049
59256.117661	8430540890.000	0.005549	8049
59256.117672	8430540889.000	0.005324	8049
59256.117684	8430540887.000	0.006087	8049
59256.117696	8430540888.000	0.005704	8049
59256.117707	8430540888.000	0.005005	8049
59256.117719	8430540886.000	0.004571	8049
59256.117730	8430540886.000	0.004052	8049
59256.117742	8430540885.000	0.004952	8049
59256.117753	8430540884.000	0.004841	8049
59256.117765	8430540884.000	0.003121	8049
59256.117776	8430540884.000	0.005238	8049
59256.117788	8430540882.000	0.005003	8049
59256.117800	8430540882.000	0.006096	8049
59256.117811	8430540881.000	0.004585	8049
59256.117823	8430540880.000	0.004425	8049
59256.117834	8430540881.000	0.005900	8049
59256.117846	8430540880.000	0.007515	8049
59256.117857	8430540880.000	0.005457	8049
59256.117869	8430540879.000	0.003293	8049
59256.117881	8430540878.000	0.004293	8049
59256.117892	8430540877.000	0.004588	8049
59256.117904	8430540878.000	0.007331	8049
59256.117915	8430540877.000	0.004585	8049
59256.117927	8430540876.000	0.003960	8049
59256.117939	8430540876.000	0.004199	8049
59256.117950	8430540876.000	0.006550	8049
59256.117962	8430540875.000	0.004583	8049
59256.117973	8430540875.000	0.004678	8049
59256.117985	8430540874.000	0.003761	8049
59256.117996	8430540873.000	0.006071	8049
59256.118008	8430540872.000	0.006093	8049
59256.118020	8430540871.000	0.005477	8049
59256.118031	8430540871.000	0.004548	8049
59256.118043	8430540872.000	0.004589	8049
59256.118054	8430540870.000	0.005299	8049
59256.118066	8430540868.000	0.007037	8049
59256.118077	8430540869.000	0.005879	8049
59256.118089	8430540868.000	0.005354	8049
59256.118101	8430540867.000	0.005998	8049
59256.118112	8430540867.000	0.006249	8049
59256.118124	8430540866.000	0.005226	8049
59256.118135	8430540865.000	0.005525	8049
59256.118147	8430540865.000	0.003947	8049
59256.118158	8430540865.000	0.003540	8049
59256.118170	8430540864.000	0.005886	8049
59256.118182	8430540864.000	0.005574	8049
59256.118193	8430540864.000	0.005517	8049
59256.118205	8430540863.000	0.007843	8049
59256.118216	8430540863.000	0.004941	8049
59256.118228	8430540862.000	0.005375	8049
59256.118240	8430540860.000	0.006122	8049
59256.118251	8430540861.000	0.005711	8049
59256.118263	8430540860.000	0.004907	8049
59256.118274	8430540859.000	0.004378	8049
59256.118286	8430540859.000	0.005522	8049
59256.118297	8430540858.000	0.004933	8049
59256.118309	8430540858.000	0.004267	8049
59256.118321	8430540857.000	0.004171	8049
59256.118332	8430540856.000	0.006539	8049
59256.118344	8430540856.000	0.007148	8049
59256.118355	8430540855.000	0.005339	8049
59256.118367	8430540855.000	0.005421	8049
59256.118378	8430540855.000	0.003797	8049
59256.118390	8430540853.000	0.007411	8049
59256.118402	8430540854.000	0.004764	8049
59256.118413	8430540852.000	0.004611	8049
59256.118425	8430540852.000	0.006292	8049
59256.118436	8430540851.000	0.005645	8049
59256.118448	8430540851.000	0.005539	8049
59256.118459	8430540851.000	0.005990	8049
59256.118471	8430540851.000	0.004390	8049
59256.118482	8430540849.000	0.005990	8049
59256.118494	8430540849.000	0.004518	8049
59256.118506	8430540848.000	0.006254	8049
59256.118517	8430540847.000	0.005452	8049
59256.118529	8430540847.000	0.004732	8049
59256.118540	8430540846.000	0.006521	8049
59256.118552	8430540846.000	0.005070	8049
59256.118564	8430540845.000	0.004552	8049
59256.118575	8430540845.000	0.005200	8049
59256.118587	8430540845.000	0.005501	8049
59256.118598	8430540844.000	0.006635	8049
59256.118610	8430540844.000	0.005238	8049
59256.118621	8430540843.000	0.003353	8049
59256.118633	8430540842.000	0.006518	8049
59256.118645	8430540842.000	0.004287	8049
59256.118656	8430540841.000	0.004684	8049
59256.118668	8430540840.000	0.006776	8049
59256.118679	8430540840.000	0.005125	8049
59256.118691	8430540840.000	0.003780	8049
59256.118702	8430540839.000	0.005771	8049
59256.118714	8430540839.000	0.005002	8049
59256.118726	8430540837.000	0.005615	8049
59256.118737	8430540837.000	0.004231	8049
59256.118749	8430540837.000	0.005627	8049
59256.118760	8430540837.000	0.003887	8049
59256.118772	8430540836.000	0.005207	8049
59256.118783	8430540835.000	0.005466	8049
59256.118795	8430540834.000	0.005252	8049
59256.118807	8430540834.000	0.004753	8049
59256.118818	8430540834.000	0.005710	8049
59256.118830	8430540833.000	0.006292	8049
59256.118841	8430540832.000	0.005195	8049
59256.118853	8430540831.000	0.005377	8049
59256.118864	8430540831.000	0.003731	8049
59256.118876	8430540830.000	0.003955	8049
59256.118887	8430540830.000	0.007032	8049
59256.118899	8430540830.000	0.005193	8049
59256.118911	8430540829.000	0.005638	8049
59256.118922	8430540829.000	0.004975	8049
59256.118934	8430540827.000	0.004451	8049
59256.118946	8430540827.000	0.004157	8049
59256.118957	8430540827.000	0.005910	8049
59256.118969	8430540827.000	0.006792	8049
59256.118980	8430540825.000	0.004814	8049
59256.118992	8430540826.000	0.006579	8049
59256.119003	8430540824.000	0.005134	8049
59256.119015	8430540823.000	0.005493	8049
59256.119026	8430540823.000	0.004479	8049
59256.119038	8430540823.000	0.005639	8049
59256.119050	8430540823.000	0.004165	8049
59256.119061	8430540822.000	0.004220	8049
59256.119073	8430540822.000	0.005766	8049
59256.119084	8430540821.000	0.006473	8049
59256.119096	8430540820.000	0.005199	8049
59256.119107	8430540820.000	0.004099	8049
59256.119119	8430540820.000	0.004995	8049
59256.119131	8430540819.000	0.004634	8049
59256.119142	8430540819.000	0.002970	8049
59256.119154	8430540818.000	0.006099	8049
59256.119165	8430540817.000	0.005575	8049
59256.119177	8430540815.000	0.007079	8049
59256.119188	8430540816.000	0.004879	8049
59256.119200	8430540815.000	0.004380	8049
59256.119212	8430540815.000	0.004577	8049
59256.119223	8430540814.000	0.006591	8049
59256.119235	8430540814.000	0.006288	8049
59256.119247	8430540813.000	0.007316	8049
59256.119258	8430540812.000	0.004341	8049
59256.119270	8430540811.000	0.006603	8049
59256.119281	8430540812.000	0.003734	8049
59256.119293	8430540810.000	0.003970	8049
59256.119304	8430540810.000	0.005186	8049
59256.119316	8430540810.000	0.005343	8049
59256.119328	8430540809.000	0.006433	8049
59256.119339	8430540809.000	0.005460	8049
59256.119351	8430540808.000	0.004433	8049
59256.119362	8430540809.000	0.004835	8049
59256.119374	8430540808.000	0.006100	8049
59256.119385	8430540807.000	0.004942	8049
59256.119397	8430540806.000	0.005712	8049
59256.119408	8430540805.000	0.004332	8049
59256.119420	8430540805.000	0.005379	8049
59256.119432	8430540805.000	0.005538	8049
59256.119443	8430540804.000	0.005871	8049
59256.119455	8430540804.000	0.003633	8049
59256.119466	8430540803.000	0.006254	8049
59256.119478	8430540803.000	0.007593	8049
59256.119490	8430540802.000	0.004026	8049
59256.119501	8430540801.000	0.005521	8049
59256.119512	8430540800.000	0.005864	8049
59256.119524	8430540799.000	0.004099	8049
59256.119536	8430540799.000	0.006235	8049
59256.119547	8430540798.000	0.006226	8049
59256.119559	8430540797.000	0.003425	8049
59256.119571	8430540797.000	0.006429	8049
59256.119582	8430540798.000	0.004364	8049
59256.119594	8430540796.000	0.003807	8049
59256.119605	8430540796.000	0.004792	8049
59256.119617	8430540795.000	0.006132	8049
59256.119628	8430540795.000	0.008072	8049
59256.119640	8430540794.000	0.006633	8049
59256.119652	8430540794.000	0.006577	8049
59256.119663	8430540793.000	0.004492	8049
59256.119675	8430540792.000	0.004874	8049
59256.119686	8430540792.000	0.005658	8049
59256.119698	8430540792.000	0.004930	8049
59256.119709	8430540791.000	0.005069	8049
59256.119721	8430540791.000	0.004620	8049
59256.119732	8430540790.000	0.006300	8049
59256.119744	8430540790.000	0.005205	8049
59256.119756	8430540789.000	0.005108	8049
59256.119767	8430540789.000	0.004541	8049
59256.119779	8430540787.000	0.004393	8049
59256.119790	8430540788.000	0.006318	8049
59256.119802	8430540787.000	0.006605	8049
59256.119813	8430540787.000	0.006800	8049
59256.119825	8430540787.000	0.005406	8049
59256.119837	8430540785.000	0.003788	8049
59256.119848	8430540784.000	0.006103	8049
59256.119860	8430540784.000	0.005404	8049
59256.119871	8430540784.000	0.004206	8049
59256.119883	8430540783.000	0.005134	8049
59256.119895	8430540782.000	0.009455	8049
59256.119906	8430540782.000	0.004709	8049
59256.119918	8430540781.000	0.003724	8049
59256.119929	8430540781.000	0.005714	8049
59256.119941	8430540781.000	0.005086	8049
59256.119953	8430540780.000	0.004350	8049
59256.119964	8430540780.000	0.005426	8049
59256.119976	8430540779.000	0.005494	8049
59256.119987	8430540778.000	0.005307	8049
59256.119999	8430540777.000	0.004559	8049
59256.120010	8430540777.000	0.003647	8049
59256.120022	8430540776.000	0.006603	8049
59256.120033	8430540775.000	0.005625	8049
59256.120045	8430540775.000	0.004996	8049
59256.120057	8430540775.000	0.004086	8049
59256.120068	8430540773.000	0.003610	8049
59256.120080	8430540773.000	0.006707	8049
59256.120091	8430540773.000	0.003595	8049
59256.120103	8430540772.000	0.005060	8049
59256.120114	8430540771.000	0.006010	8049
59256.120126	8430540771.000	0.004464	8049
59256.120138	8430540770.000	0.004867	8049
59256.120149	8430540770.000	0.004640	8049
59256.120161	8430540770.000	0.005253	8049
59256.120172	8430540770.000	0.006151	8049
59256.120184	8430540767.000	0.005490	8049
59256.120195	8430540767.000	0.006092	8049
59256.120207	8430540766.000	0.004781	8049
59256.120219	8430540767.000	0.005971	8049
59256.120230	8430540766.000	0.003902	8049
59256.120242	8430540766.000	0.005120	8049
59256.120253	8430540765.000	0.005202	8049
59256.120265	8430540764.000	0.007036	8049
59256.120277	8430540763.000	0.007919	8049
59256.120288	8430540764.000	0.004749	8049
59256.120300	8430540764.000	0.004649	8049
59256.120311	8430540763.000	0.005456	8049
59256.120323	8430540762.000	0.005645	8049
59256.120334	8430540761.000	0.003564	8049
59256.120346	8430540761.000	0.003638	8049
59256.120358	8430540761.000	0.005568	8049
59256.120369	8430540761.000	0.005337	8049
59256.120381	8430540760.000	0.004679	8049
59256.120392	8430540759.000	0.004391	8049
59256.120404	8430540758.000	0.004178	8049
59256.120415	8430540757.000	0.004561	8049
59256.120427	8430540757.000	0.004818	8049
59256.120439	8430540756.000	0.006053	8049
59256.120450	8430540756.000	0.005804	8049
59256.120462	8430540755.000	0.004512	8049
59256.120473	8430540755.000	0.004110	8049
59256.120485	8430540754.000	0.005461	8049
59256.120496	8430540754.000	0.004273	8049
59256.120508	8430540753.000	0.005319	8049
59256.120519	8430540753.000	0.003858	8049
59256.120531	8430540752.000	0.005259	8049
59256.120543	8430540751.000	0.004395	8049
59256.120554	8430540751.000	0.006913	8049
59256.120566	8430540751.000	0.004996	8049
59256.120578	8430540750.000	0.006172	8049
59256.120589	8430540750.000	0.005869	8049
59256.120601	8430540749.000	0.004628	8049
59256.120612	8430540749.000	0.006106	8049
59256.120624	8430540748.000	0.005362	8049
59256.120635	8430540747.000	0.004223	8049
59256.120647	8430540746.000	0.004437	8049
59256.120658	8430540746.000	0.005067	8049
59256.120670	8430540745.000	0.005817	8049
59256.120682	8430540745.000	0.005645	8049
59256.120693	8430540744.000	0.006812	8049
59256.120705	8430540744.000	0.005660	8049
59256.120716	8430540743.000	0.003880	8049
59256.120728	8430540743.000	0.005200	8049
59256.120739	8430540742.000	0.005952	8049
59256.120751	8430540741.000	0.004257	8049
59256.120763	8430540740.000	0.005263	8049
59256.120774	8430540739.000	0.005167	8049
59256.120786	8430540740.000	0.007395	8049
59256.120797	8430540739.000	0.003809	8049
59256.120809	8430540740.000	0.005202	8049
59256.120820	8430540738.000	0.005318	8049
59256.120832	8430540738.000	0.006287	8049
59256.120844	8430540737.000	0.003709	8049
59256.120855	8430540737.000	0.004870	8049
59256.120867	8430540737.000	0.005182	8049
59256.120878	8430540736.000	0.005175	8049
59256.120890	8430540735.000	0.005046	8049
59256.120902	8430540734.000	0.005224	8049
59256.120913	8430540734.000	0.004504	8049
59256.120925	8430540733.000	0.004187	8049
59256.120936	8430540733.000	0.004244	8049
59256.120948	8430540732.000	0.004827	8049
59256.120959	8430540732.000	0.005064	8049
59256.120971	8430540731.000	0.006090	8049
59256.120983	8430540731.000	0.003733	8049
59256.120994	8430540731.000	0.005403	8049
59256.121006	8430540730.000	0.005908	8049
59256.121017	8430540729.000	0.007180	8049
59256.121029	8430540728.000	0.003460	8049
59256.121040	8430540729.000	0.003192	8049
59256.121052	8430540727.000	0.005769	8049
59256.121064	8430540727.000	0.004374	8049
59256.121075	8430540726.000	0.005166	8049
59256.121087	8430540725.000	0.004908	8049
59256.121098	8430540725.000	0.006344	8049
59256.121110	8430540724.000	0.005808	8049
59256.121121	8430540724.000	0.004748	8049
59256.121133	8430540724.000	0.003436	8049
59256.121144	8430540722.000	0.005185	8049
59256.121156	8430540723.000	0.006399	8049
59256.121168	8430540722.000	0.005677	8049
59256.121179	8430540721.000	0.005228	8049
59256.121191	8430540720.000	0.004438	8049
59256.121203	8430540721.000	0.003710	8049
59256.121214	8430540720.000	0.005728	8049
59256.121226	8430540719.000	0.004939	8049
59256.121237	8430540719.000	0.006406	8049
59256.121249	8430540718.000	0.004946	8049
59256.121260	8430540718.000	0.006644	8049
59256.121272	8430540718.000	0.003312	8049
59256.121284	8430540717.000	0.004458	8049
59256.121295	8430540715.000	0.005408	8049
59256.121307	8430540715.000	0.004160	8049
59256.121318	8430540714.000	0.005860	8049
59256.121330	8430540714.000	0.004209	8049
59256.121341	8430540713.000	0.005453	8049
59256.121353	8430540713.000	0.004940	8049
59256.121364	8430540712.000	0.006472	8049
59256.121376	8430540712.000	0.005429	8049
59256.121388	8430540711.000	0.004333	8049
59256.121399	8430540710.000	0.005754	8049
59256.121411	8430540709.000	0.006863	8049
59256.121422	8430540709.000	0.006865	8049
59256.121434	8430540709.000	0.004883	8049
59256.121445	8430540709.000	0.003684	8049
59256.121457	8430540708.000	0.005517	8049
59256.121469	8430540707.000	0.006194	8049
59256.121480	8430540706.000	0.004405	8049
59256.121492	8430540705.000	0.003367	8049
59256.121503	8430540705.000	0.005496	8049
59256.121515	8430540705.000	0.004496	8049
59256.121527	8430540704.000	0.006629	8049
59256.121538	8430540704.000	0.004192	8049
59256.121550	8430540703.000	0.004349	8049
59256.121561	8430540704.000	0.004325	8049
59256.121573	8430540702.000	0.003620	8049
59256.121584	8430540701.000	0.004106	8049
59256.121596	8430540701.000	0.006759	8049
59256.121608	8430540701.000	0.004181	8049
59256.121619	8430540700.000	0.003685	8049
59256.121631	8430540700.000	0.006027	8049
59256.121642	8430540700.000	0.005185	8049
59256.121654	8430540699.000	0.005038	8049
59256.121666	8430540698.000	0.004973	8049
59256.121677	8430540698.000	0.005321	8049
59256.121689	8430540698.000	0.004813	8049
59256.121700	8430540697.000	0.007200	8049
59256.121712	8430540697.000	0.005560	8049
59256.121723	8430540695.000	0.005330	8049
59256.121735	8430540694.000	0.003771	8049
59256.121747	8430540694.000	0.004501	8049
59256.121758	8430540693.000	0.003441	8049
59256.121770	8430540693.000	0.005638	8049
59256.121781	8430540692.000	0.005732	8049
59256.121793	8430540692.000	0.005532	8049
59256.121804	8430540691.000	0.005655	8049
59256.121816	8430540690.000	0.005753	8049
59256.121827	8430540689.000	0.004072	8049
59256.121839	8430540689.000	0.007790	8049
59256.121851	8430540689.000	0.005884	8049
59256.121862	8430540688.000	0.005123	8049
59256.121874	8430540688.000	0.005981	8049
59256.121886	8430540687.000	0.004326	8049
59256.121897	8430540687.000	0.006662	8049
59256.121909	8430540687.000	0.004836	8049
59256.121920	8430540686.000	0.006210	8049
59256.121932	8430540686.000	0.004764	8049
59256.121943	8430540686.000	0.004967	8049
59256.121955	8430540685.000	0.005403	8049
59256.121966	8430540684.000	0.006298	8049
59256.121978	8430540683.000	0.004878	8049
59256.121989	8430540682.000	0.003564	8049
59256.122001	8430540683.000	0.005024	8049
59256.122013	8430540682.000	0.003784	8049
59256.122024	8430540681.000	0.004096	8049
59256.122036	8430540681.000	0.003872	8049
59256.122047	8430540680.000	0.005438	8049
59256.122059	8430540679.000	0.005394	8049
59256.122070	8430540679.000	0.005508	8049
59256.122082	8430540677.000	0.004290	8049
59256.122094	8430540677.000	0.003504	8049
59256.122105	8430540677.000	0.005770	8049
59256.122117	8430540677.000	0.005336	8049
59256.122128	8430540676.000	0.005288	8049
59256.122140	8430540676.000	0.004931	8049
59256.122151	8430540675.000	0.006337	8049
59256.122163	8430540675.000	0.005216	8049
59256.122175	8430540674.000	0.004662	8049
59256.122186	8430540673.000	0.006323	8049
59256.122198	8430540673.000	0.005381	8049
59256.122210	8430540673.000	0.005523	8049
59256.122221	8430540672.000	0.004834	8049
59256.122233	8430540671.000	0.006026	8049
59256.122244	8430540670.000	0.003984	8049
59256.122256	8430540670.000	0.006181	8049
59256.122267	8430540670.000	0.005654	8049
59256.122279	8430540670.000	0.004631	8049
59256.122290	8430540668.000	0.003960	8049
59256.122302	8430540667.000	0.004861	8049
59256.122314	8430540666.000	0.004582	8049
59256.122325	8430540667.000	0.005721	8049
59256.122337	8430540666.000	0.005711	8049
59256.122348	8430540665.000	0.006236	8049
59256.122360	8430540664.000	0.004190	8049
59256.122371	8430540665.000	0.004522	8049
59256.122383	8430540664.000	0.005254	8049
59256.122395	8430540663.000	0.007841	8049
59256.122406	8430540662.000	0.005523	8049
59256.122418	8430540663.000	0.003763	8049
59256.122429	8430540662.000	0.005854	8049
59256.122441	8430540663.000	0.007287	8049
59256.122452	8430540662.000	0.005674	8049
59256.122464	8430540661.000	0.006118	8049
59256.122476	8430540659.000	0.003701	8049
59256.122487	8430540659.000	0.005962	8049
59256.122499	8430540659.000	0.006538	8049
59256.122510	8430540659.000	0.003950	8049
59256.122522	8430540657.000	0.006213	8049
59256.122534	8430540656.000	0.006688	8049
59256.122545	8430540656.000	0.005475	8049
59256.122557	8430540656.000	0.005801	8049
59256.122568	8430540656.000	0.006369	8049
59256.122580	8430540655.000	0.004957	8049
59256.122591	8430540654.000	0.004583	8049
59256.122603	8430540653.000	0.005165	8049
59256.122615	8430540653.000	0.005655	8049
59256.122626	8430540653.000	0.005881	8049
59256.122638	8430540651.000	0.004133	8049
59256.122649	8430540652.000	0.006143	8049
59256.122661	8430540651.000	0.007353	8049
59256.122672	8430540651.000	0.004947	8049
59256.122684	8430540649.000	0.004909	8049
